665.332
433.813
348.635
359.162
538.126
171.177
324.52
200.469
98.5703
225.655
143.984
245.021
184.048
62.9909
111.555
50.7462
131.806
50.3698
42.5054
79.3204
155.309
63.1482
73.1029
126.117
70.6921
114.712
57.0359
91.6698
62.8499
68.3035
174.351
64.3539
74.6575
47.5851
74.3623
75.4569
68.2298
65.4629
41.4533
56.9037
89.6083
64.406
74.9032
94.0172
65.743
28.6032
126.715
50.7274
70.5566
74.3057
48.0975
49.7992
62.0223
95.047
70.5544
94.066
89.3892
64.7489
44.6967
54.9351
73.7626
71.4078
47.5706
95.407
101.176
53.7567
61.64
20.4858
85.504
43.0151
40.3147
25.5921
34.1953
59.9589
47.8378
35.592
15.8274
76.9655
78.0015
96.6672
52.5742
39.8623
47.7479
46.8571
66.0319
97.8142
80.646
43.5256
65.755
49.4154
79.5732
31.9155
52.7551
32.5411
41.8483
46.3113
66.6152
33.2628
43.9538
51.1176
45.6529
36.1194
60.8495
42.743
24.3743
32.1171
23.5899
70.4305
71.1905
44.4222
38.4233
58.5265
43.4727
32.3524
45.5869
73.1329
48.255
48.6793
62.5934
31.466
43.2499
57.7872
33.9715
18.5114
68.4967
37.9227
89.1657
27.906
27.0714
37.3563
39.4187
47.2954
79.2466
48.4021
34.0194
45.0741
59.9822
26.8511
56.5535
24.9419
20.2636
21.9349
39.9508
41.9817
51.8739
24.5147
39.2394
78.9377
50.5053
28.5596
74.6603
69.3902
29.2004
18.9603
34.1873
60.8696
32.5695
60.4432
15.808
34.4076
14.6906
57.8316
30.4335
44.6362
39.2324
17.3716
21.3243
19.918
33.4341
23.4429
24.0351
54.062
25.9639
45.5141
34.2312
49.7132
32.1452
46.5637
34.3629
24.6203
12.5275
49.3849
45.1918
29.2713
26.0759
35.692
41.7608
43.609
30.7228
39.8065
40.6266
20.4534
15.437
63.3698
35.5015
34.3059
48.3116
51.4258
27.0022
36.9044
17.3378
50.4913
61.4863
20.1324
59.9363
29.758
23.9114
10.6671
29.5543
11.5006
34.6271
22.5972
27.5751
21.6478
30.4458
13.7245
12.9813
50.2203
36.3326
22.8173
33.4872
41.3053
30.7255
39.2721
16.467
19.2606
15.0945
27.6109
16.6379
38.452
29.0614
31.0293
28.6217
14.6712
34.5279
19.0078
26.0246
33.1833
22.0552
22.7788
40.7643
18.208
17.376
17.7776
21.0206
22.6839
24.4681
25.5003
18.7251
22.6389
16.5263
19.8972
22.2449
29.449
10.2243
10.541
26.1285
26.5426
12.6527
8.93996
17.281
15.1294
10.0794
22.0443
7.53381
15.8445
4.23411
9.77329
15.8792
12.4856
19.4851
10.8392
6.02783
18.5573
4.9669
12.0191
4.04543
28.5685
22.7848
23.36
10.593
20.7581
26.4012
18.2908
9.99748
9.60677
11.0041
11.3281
5.6145
20.3507
2.80207
19.8868
11.6305
10.7133
3.21503
8.82534
4.58245
4.92355
18.0573
8.70174
12.5063
4.12739
10.5202
6.76926
14.121
8.49894
29.6732
9.93205
11.9432
12.9789
13.7542
9.8358
13.5419
8.24019
4.76011
13.8369
5.52782
6.1858
6.06648
6.59129
7.28853
2.95566
10.3362
15.6151
5.55
5.55621
8.84021
7.89216
5.76643
5.69677
6.8292
2.22741
7.26972
3.04023
3.61771
2.90978
4.82419
2.58544
4.56223
8.24991
7.63644
2.85728
15.6754
4.67211
2.89971
1.48738
10.2026
1.9584
0.976423
7.87996
12.7455
6.48132
5.28296
2.54741
4.00486
12.3331
4.42537
6.79634
11.6904
6.35712
7.11985
3.5465
3.93987
10.5864
9.39568
4.02457
5.566
5.05931
1.64878
4.43533
10.8443
3.97625
4.23307
6.27503
1.13217
3.96642
1.83773
0.814208
6.71213
2.06691
0.270661
4.60131
5.64279
6.38159
3.55788
1.28603
2.81448
2.20164
3.58022
1.26062
6.49204
5.01435
4.84692
1.61342
3.99218
1.59744
1.77543
7.87828
2.52432
9.56932
4.7016
5.82108
3.76418
0.896654
5.71099
6.86116
1.15526
2.31595
4.16861
0.900478
4.97012
7.60061
3.13209
2.65627
2.58206
1.3377
3.71827
1.1675
2.63872
1.84587
6.04449
2.12235
0.951501
1.73049
1.93443
1.11308
5.37906
1.79444
1.94633
2.36195
3.26886
0.612457
0.348049
1.63112
3.95196
1.77771
3.54514
1.56733
3.31492
3.65851
0.264979
0.26649
7.62804
0.738326
1.373
1.64991
2.11041
1.85349
1.43831
5.33307
1.3932
0.352718
1.46921
1.93733
5.42406
1.20638
1.97604
2.32577
3.45614
3.68963
1.00367
0.276339
0.143386
0.888045
7.63253
2.2951
1.74411
3.13306
1.18846
1.37277
5.01362
1.64582
3.00371
1.39566
0.787231
2.0584
3.52278
3.7879
1.50943
2.29649
3.08286
3.37703
2.1809
2.39653
2.63503
2.7469
1.33018
1.14898
0.428933
2.12608
2.73057
0.90132
0.468582
0.995801
2.37222
1.67378
1.99221
2.59758
1.39856
2.8721
1.53996
1.79032
0.607074
5.32965
0.365767
0.727846
5.39095
1.79571
1.97075
0.362932
3.36275
0.27318
0.656716
1.59512
4.05174
1.7455
1.00963
0.669287
1.72506
0.354612
1.74755
4.05392
0.780401
2.86818
1.64819
1.68393
1.77368
2.73399
0.204102
2.48342
1.56655
2.02319
0.722324
0.674553
0.409114
0.465993
4.84174
3.4827
0.708877
2.52926
2.23758
0.518109
2.05776
0.48356
1.08694
0.482601
0.598387
3.2206
0.783721
0.454365
2.82566
3.25726
1.68217
0.34701
0.562565
1.78986
0.879752
4.8105
1.46584
1.50426
0.375452
0.448988
2.4895
3.83128
0.860147
3.45117
1.40566
0.564811
2.51034
1.93218
1.36425
2.52816
1.39051
0.455493
0.416087
2.08615
0.537114
1.07545
1.47029
0.665386
2.90841
1.27066
1.15174
2.61393
1.59525
0.647828
2.45342
1.40543
0.749775
2.57825
3.4656
1.43955
1.59508
1.99709
0.760688
0.562935
1.07899
0.467011
0.253943
0.206306
2.93895
0.979054
1.26577
2.87972
1.82285
0.853157
0.251328
1.08295
0.440462
0.763159
0.295914
0.374945
0.229778
0.926974
0.224905
0.424755
2.39333
1.84644
1.89182
1.21902
0.499339
0.655717
2.00348
0.977234
1.26913
3.50662
1.69285
1.56674
0.921831
0.231474
1.88944
0.687461
2.05048
1.63594
2.31151
1.13666
0.644428
0.330421
0.244851
2.42672
1.75988
0.771705
0.985221
0.333761
0.259106
0.320207
0.662428
0.780936
0.506712
1.77283
0.837497
1.94848
0.646932
0.588355
0.936326
0.588869
0.458898
1.29816
0.667676
0.623619
0.288009
0.500591
0.233009
2.51093
0.387354
0.361127
0.217023
0.55544
0.269034
3.00431
0.873984
0.388725
2.20882
0.583492
1.53689
0.594212
1.36279
0.781264
0.0617102
2.52536
0.363983
2.75945
2.28676
0.311308
0.499113
1.08549
0.446175
3.318
0.806767
0.69709
0.260098
1.46891
1.21682
1.15234
0.461951
0.251608
3.6247
1.43514
0.700322
1.58754
1.41762
1.75017
0.482031
0.596814
1.7253
0.344336
0.998864
0.670883
1.10787
1.06816
1.26218
0.526131
0.316261
0.327869
0.502485
1.34817
0.668679
1.41028
1.31152
0.941213
1.4725
0.688244
1.0452
0.312748
1.06657
1.1896
1.0454
0.445998
1.1702
0.365555
0.473872
0.348282
0.728755
0.229153
0.969395
0.926056
1.08853
0.864963
1.53411
1.54646
0.714612
0.742583
0.226164
0.544527
0.273659
1.26597
0.554222
1.1917
2.10183
0.76208
1.16828
1.08666
0.33035
0.574401
1.28327
1.12754
0.865051
0.367568
0.500756
0.600595
1.01944
0.877621
0.687995
1.66202
1.07826
3.48146
0.837949
0.387363
0.611024
0.269803
1.33148
1.02093
0.30023
0.849811
1.02968
0.523726
0.636827
0.336186
0.262424
0.248379
1.25917
1.39467
0.443203
0.0983647
0.178577
0.503373
0.409871
0.372832
2.37591
1.07519
1.77027
0.458888
1.01794
0.797874
1.02872
0.564761
0.582425
0.217954
0.310297
0.672658
2.34788
0.938575
0.722298
0.917849
0.472063
0.633151
0.870255
0.321728
0.969777
1.00244
0.433794
0.449825
1.0022
1.85285
0.907002
1.30392
1.36271
0.614984
2.54737
0.859952
0.733461
0.564655
0.863688
0.380489
0.232895
0.230183
1.33147
1.0442
0.421011
0.145877
0.42696
1.38316
0.767766
1.12242
0.340201
0.462524
0.366357
2.86104
0.993473
0.37816
1.26918
1.16119
0.152427
0.961731
0.958659
1.25226
0.556433
0.380548
0.23302
1.62458
0.631211
1.02598
0.527654
1.13151
0.661298
1.05332
0.252797
0.501793
0.492055
0.939206
0.922755
0.633828
0.205254
0.675205
0.825044
0.581036
0.318018
0.205866
1.17739
0.606977
0.283965
0.216754
0.289846
1.03822
2.057
1.27258
0.48574
0.43521
0.145752
0.857926
0.506915
0.186473
0.166341
0.572619
0.500136
0.569489
0.327089
1.14052
1.1858
1.15273
0.937268
0.955723
0.639521
0.950459
0.934306
0.495635
2.19663
1.46465
0.532345
1.32037
0.820784
0.357991
1.01009
1.03314
0.67856
1.35889
0.986719
1.00767
1.4609
0.579805
0.231688
0.379954
0.578104
0.167361
0.309223
0.304387
0.258872
1.60538
0.416208
0.532195
2.29636
0.91403
0.462726
0.228205
0.829762
0.608156
0.136126
0.284026
0.180984
1.34638
0.439531
0.108158
0.692593
0.279696
0.327871
0.77451
0.55773
0.595051
0.320138
1.03182
0.383137
0.271287
1.16703
0.700543
0.792111
0.21345
1.73026
0.869729
0.163404
0.138378
0.320763
0.449915
0.234643
0.843939
0.411259
0.461709
0.261908
0.748679
1.25436
0.723719
0.914396
0.403236
0.751615
0.452788
0.470774
0.243448
1.56369
0.796278
0.20322
1.22724
0.227697
0.756673
0.555653
0.444325
0.237733
0.265613
0.497017
0.263776
0.644088
0.305776
0.465036
0.368624
0.394896
0.863323
1.33386
1.13415
0.494073
1.66845
0.931787
1.34472
1.20367
1.36977
0.701471
0.772816
0.995297
0.378671
0.213998
0.126883
0.198198
0.238858
0.142046
0.125216
0.243579
1.08435
0.25706
0.192908
0.276145
0.200096
0.377515
0.797597
0.490777
0.407206
1.01664
0.693511
1.27971
0.695918
1.11175
0.845292
0.536495
0.293779
0.171437
0.640712
0.69343
0.79896
0.237143
0.192816
1.21264
0.699092
0.964606
0.581218
1.00115
0.198738
1.57686
0.858287
0.398453
0.237942
0.156721
0.289401
0.231344
0.809378
0.210693
0.166942
0.730122
0.768608
0.377007
0.66228
0.359893
1.64091
0.675417
0.37495
0.450158
0.328753
0.11333
0.0880723
0.433414
1.06522
0.624082
0.799262
0.191188
0.664323
0.497689
1.20642
0.62954
0.627925
0.114973
0.158181
0.866713
0.415577
0.536783
0.666761
0.381356
0.359707
1.76601
1.46625
0.672457
0.378942
0.565685
0.300775
0.192487
0.283117
0.0945911
0.17953
1.281
0.675229
0.392987
1.53437
0.759047
0.596577
0.116358
0.320789
0.882536
0.519428
0.173645
0.426848
0.313946
0.156167
0.155538
0.382371
0.863608
0.755662
0.262031
1.57144
0.756903
0.598918
0.202145
0.177969
0.386804
0.283545
1.26117
0.259042
0.187909
1.17645
0.870653
0.155261
0.185745
0.440579
0.207996
0.803806
0.433532
0.754849
0.158264
0.340425
0.11777
0.76079
0.278329
0.566654
0.504852
0.835591
0.466909
0.826592
0.653277
0.305625
0.430746
0.341538
0.964403
0.646622
0.712959
0.148396
0.793261
0.291331
0.608298
0.332967
1.09362
1.14496
0.489518
0.849164
0.205326
0.513695
0.817122
0.184785
0.882013
0.648667
0.731457
0.356735
0.554982
0.158459
1.06096
0.730699
0.247915
0.254107
0.295055
1.01731
0.0873461
0.145194
0.301435
0.322732
0.115623
0.692891
0.555857
0.141771
0.164885
0.0584811
0.0702367
0.64562
0.271859
0.677495
0.521932
0.414763
0.275166
0.276988
0.737321
0.332117
0.740296
0.3216
0.155498
0.698715
0.703441
0.319861
0.699984
0.257503
0.780936
0.163511
0.680538
1.01213
0.135795
0.36207
0.368169
0.34397
0.185462
0.419514
0.326343
0.431095
0.231228
0.278845
0.0601416
1.26278
0.421768
0.461906
0.736338
0.314209
0.515723
0.576964
0.637181
1.07873
0.139857
0.0957583
0.320294
0.352007
1.059
0.118494
0.338596
0.223421
0.244159
0.236934
0.25426
0.314397
0.593105
0.555116
0.502542
0.499716
0.320245
0.13494
0.404295
0.173689
0.0931207
1.89128
1.44722
0.87927
0.334348
0.187761
0.774041
0.281734
0.827987
0.341334
0.873354
0.603024
0.210611
0.477247
0.0557778
0.133588
0.212983
0.701401
0.464667
0.881045
0.484662
1.25749
0.732114
0.38118
0.040445
0.118154
0.31004
0.867739
0.130661
0.609762
0.383297
0.258244
0.119114
0.665046
0.354954
0.454942
0.377193
0.243918
0.604938
0.169775
0.163895
0.273619
0.534442
0.231945
0.0870762
0.600581
0.937009
0.312055
0.205607
0.210362
0.185485
0.280718
0.42101
0.295878
0.229238
0.24513
0.167355
0.346774
0.499058
0.298421
0.187048
1.40519
0.70152
0.656287
0.388445
0.174207
0.119475
0.37217
0.257844
0.228883
0.581222
0.687043
0.333965
0.598129
0.154237
0.755177
0.821051
0.347845
0.356751
1.04813
1.76299
0.4056
0.161584
0.700601
0.165892
0.69445
0.354323
0.421011
0.219639
0.120441
0.126675
0.355494
0.53358
0.529854
0.292026
0.20101
0.347047
0.262688
0.260686
0.706599
0.234795
0.423548
0.552473
0.676227
0.409061
0.197051
0.244509
0.512386
0.283935
0.483709
0.271964
0.239515
0.122895
0.171473
0.150194
0.101556
0.600447
0.139533
0.377427
0.307856
0.189112
0.623018
0.262366
0.643379
0.262995
0.229382
0.419447
0.216216
0.540282
0.170028
0.196948
0.0920372
0.0872985
0.226456
0.17905
0.117483
0.391862
0.57583
0.265384
0.104964
0.640424
0.123527
0.279771
0.549427
0.272137
0.0951022
0.0776407
0.0811847
0.388003
0.378489
1.30331
0.877616
0.750389
0.819844
0.36876
0.563996
0.457696
0.577273
0.386264
0.531906
0.233321
0.26293
0.165826
0.208244
0.114499
0.292308
0.16303
0.643475
0.31104
0.247367
0.296067
0.35028
0.456578
0.0832365
0.219505
0.316664
0.345522
0.168376
0.156765
0.293781
0.848714
0.521102
0.341425
0.143644
0.329283
0.251023
0.290579
0.172144
0.246648
0.182808
0.18336
0.712365
0.22975
0.193659
0.0991949
0.157072
0.115014
0.272774
0.18716
1.21488
0.659734
0.44642
0.0901267
0.205763
0.20837
0.306389
0.185279
0.546096
0.251767
0.11349
0.212227
0.334532
0.711622
0.528085
0.441415
0.169676
0.0748964
0.671678
0.396814
0.2667
0.325962
0.291159
0.183957
0.243584
0.0889895
0.0842219
0.372697
0.368756
0.197489
0.190163
0.478596
0.14843
0.0487537
0.210076
0.640453
0.418955
0.494366
0.220859
0.0765155
0.0801551
0.758701
0.193221
0.258219
0.213052
0.109368
0.776978
0.388648
0.178545
0.336846
0.419022
0.208955
0.127318
0.177293
0.4781
0.196527
0.19165
0.117973
0.105375
0.38666
0.166205
0.120063
0.0960235
0.157584
0.262359
0.275656
0.17728
0.896004
0.516677
0.0590753
0.438494
0.281334
0.05976
0.120009
0.14199
0.208219
0.164615
0.187947
0.838041
0.772674
0.294612
0.148007
0.257357
0.459252
0.292796
0.187657
0.353109
0.502361
0.113907
0.128477
0.188037
0.38762
0.348368
0.975643
0.324859
0.587825
0.127881
0.194693
0.404268
0.369633
0.0738217
0.135298
0.0387256
0.0943812
0.227816
0.0381799
0.217725
0.143129
0.216987
0.428199
0.282492
0.0523088
0.365193
0.132899
0.540481
0.0666532
0.752445
0.245876
0.0573784
0.230324
0.140929
0.0804266
0.0604473
0.241185
0.105027
0.113941
0.541281
0.265323
0.422194
0.658536
0.0930071
0.198964
0.17833
0.425006
0.0459944
0.14879
0.0767883
0.653557
0.417814
0.0765761
0.162481
0.0513028
0.594532
0.132194
0.112478
0.296193
0.0731561
0.419742
0.0524212
1.1315
0.33201
0.415494
0.254607
0.154596
0.263442
0.301335
0.416204
0.419337
0.415906
0.737668
0.159716
0.0928579
0.132937
0.0930528
0.052563
0.268282
0.119105
0.0977005
0.900631
0.300644
0.287632
0.0692292
0.114381
0.478913
0.113918
0.129704
0.112797
0.0580473
0.895563
0.404436
0.211028
0.34727
0.184798
0.342196
0.186622
0.164074
0.0932621
0.418484
0.236815
0.138211
1.16302
0.18791
0.273113
0.315815
0.449144
0.168587
0.0926649
0.172646
0.183696
0.0502014
0.18428
0.158253
0.027497
0.46316
0.225563
0.0765084
0.543669
0.126667
0.446721
0.092869
0.251913
0.117403
0.210244
0.284703
0.0478427
0.0520635
0.194448
0.0952087
0.147742
0.0550431
0.134206
0.308937
0.177148
0.0806621
0.657764
0.180602
0.241904
0.443788
0.230058
0.0627473
0.0505955
0.191365
0.18618
0.186109
0.0565925
0.0667586
0.384617
0.278984
0.435313
0.219023
0.167866
0.16548
0.112411
0.356713
0.178039
0.054243
0.124335
0.104674
0.836817
0.863476
0.112126
0.222176
0.150553
0.128366
0.761561
0.540168
0.134675
0.107748
0.0603345
0.481163
0.407142
0.14741
0.195818
0.283566
0.159296
0.631989
0.37767
0.364214
0.329331
0.174447
0.0557015
0.0312672
0.108573
0.0780727
0.415703
0.133705
0.486693
0.1316
0.36906
0.256897
0.0311411
0.163947
0.0855463
0.341404
0.0636573
0.749007
0.334935
0.830106
0.57361
0.730958
0.27365
0.247292
0.170702
0.250844
0.730762
0.208504
0.0921716
0.033055
0.0605522
0.092035
0.195941
0.0768803
0.121007
0.526929
0.154039
0.0686622
0.0567903
0.120154
0.76089
0.395124
0.192167
0.0834688
0.0813299
0.165009
0.246758
0.296052
0.125165
0.157324
0.0456589
0.100166
0.357473
0.261976
0.0700547
0.0685968
0.198392
0.0829564
0.0619595
0.261064
0.206489
0.101758
0.118379
0.110015
0.141386
0.351361
0.180082
0.0253336
0.140276
0.273378
0.19864
0.230006
0.160407
0.324966
0.17257
1.24482
0.86315
0.0464294
0.156529
0.40927
0.427369
0.0245442
0.478196
0.0799874
0.0850542
0.475604
0.284096
0.101826
0.157933
0.0373189
0.293876
0.324988
0.161007
0.090288
0.186112
0.104562
0.100646
0.13209
0.575124
0.265023
0.0722661
0.0634559
0.0490859
0.0736002
0.0914846
0.134567
0.288344
0.341561
0.281608
0.0506923
0.101851
0.0646234
0.299878
0.102995
0.588668
0.30946
0.147865
0.0923605
0.17955
0.0504666
0.180703
0.439003
0.215821
0.0434845
0.0778888
0.0669112
0.376156
0.30714
0.316346
0.191573
0.454837
0.211182
0.344635
0.518781
0.224799
0.191728
0.0979674
0.430551
0.150463
0.127177
0.397771
0.116309
0.0957297
0.353755
0.246835
0.153294
0.047496
0.087995
0.503401
0.188795
0.104386
0.082567
0.32051
0.337428
0.625748
0.147936
0.174122
0.0585703
0.0670481
0.380074
0.234085
0.0364142
0.0708575
0.124913
0.0605022
0.0435469
0.0498768
0.28567
0.182516
0.0496189
0.21679
0.0484256
0.118244
0.335827
0.160307
0.403606
0.330702
0.211061
0.051534
0.0577838
0.429405
0.155523
0.0459634
0.397535
0.216464
0.372899
0.114071
0.0898533
0.102395
0.0940809
0.158177
0.038728
0.0924801
0.240181
0.0542792
0.179016
0.252976
0.243025
0.0831106
0.0384319
0.76743
0.491474
0.0681074
0.409544
0.146411
0.366812
0.0936595
0.125812
0.0573007
0.131254
0.485793
0.400551
0.354518
0.0800642
0.0339743
0.0370679
0.0379899
0.0294122
0.0678871
0.0712824
0.273866
0.343025
0.162897
0.305129
0.0523792
0.0108606
0.30384
0.0738952
0.0942663
0.234703
0.156648
0.350792
0.221055
0.517817
0.535426
0.0634903
0.0346288
0.356087
0.0707006
0.109238
0.0323232
0.0434995
0.185578
0.070566
0.340972
0.123312
0.201094
0.174135
0.0232156
0.22536
0.0198735
0.0464605
0.0958017
0.0301907
0.0645114
0.0369245
0.0664568
0.307415
0.377574
0.212772
0.298201
0.0792907
0.0950944
0.176856
0.0659286
0.0327828
0.0370079
0.0686282
0.0226956
0.0458057
0.108449
0.160223
0.15628
0.364307
0.186334
0.247008
0.0929629
0.161403
0.0310164
0.253096
0.0774385
0.275096
0.232577
0.151405
0.156579
0.123406
0.288413
0.17228
0.327995
0.301461
0.11158
0.352022
0.295091
0.123275
0.0678885
0.0401993
0.278386
0.0287771
0.430631
0.165164
0.0850136
0.037668
0.367398
0.171245
0.182872
0.279888
0.302796
0.0706048
0.117816
0.0426731
0.045784
0.709968
0.276608
0.0412201
0.0513147
0.32314
0.114891
0.395666
0.107267
0.0417633
0.0296161
0.344654
0.110856
0.0470298
0.118479
0.0265393
0.0887264
0.0382293
0.1497
0.170897
0.543156
0.375425
0.205736
0.0956613
0.409924
0.188594
0.378119
0.0919851
0.449879
0.307524
0.157449
0.0276247
0.0888328
0.0875451
0.216002
0.0548453
0.263686
0.0681106
0.0328446
0.0405265
0.103081
0.103215
0.0866391
0.0328549
0.0283803
0.498977
0.267396
0.0326945
0.120653
0.275249
0.456938
0.190984
0.307946
0.227584
0.16197
0.229901
0.0901892
0.107904
0.446464
0.242107
0.110972
0.253638
0.154375
0.403796
0.119271
0.176119
0.0402338
0.0469449
0.71971
0.472664
0.189455
0.165074
0.0657997
0.126756
0.0699862
0.121557
0.313962
0.107361
0.0655902
0.409972
0.183566
0.191152
0.147039
0.0376049
0.0705662
0.486906
0.0813398
0.166854
0.19345
0.0634707
0.137471
0.23188
0.163014
0.115561
0.110786
0.386695
0.0752404
0.054133
0.337082
0.167502
0.0924127
0.054612
0.144138
0.197795
0.185713
0.155458
0.170165
0.073195
0.289031
0.233119
0.128382
0.0803668
0.151576
0.0751694
0.579005
0.362414
0.400053
0.444308
0.0848343
0.0516984
0.0350306
0.174767
0.119892
0.0594599
0.108549
0.136931
0.180118
0.152493
0.129264
0.125251
0.290695
0.0998596
0.0470451
0.0573791
0.0224777
0.0545221
0.0308835
0.254487
0.187492
0.108993
0.102096
0.230328
0.0399819
0.0325809
0.3441
0.354336
0.0935823
0.191843
0.215283
0.270125
0.0814972
0.160248
0.195834
0.0796975
0.168703
0.347952
0.109543
0.245254
0.227845
0.58105
0.445285
0.0172891
0.186858
0.0977376
0.0461008
0.0515774
0.0396499
0.167986
0.038973
0.194396
0.0937957
0.246768
0.313354
0.0783039
0.0711316
0.0724928
0.120991
0.139587
0.158329
0.0540395
0.0659866
0.285507
0.0364381
0.0745004
0.0253984
0.0246769
0.0732316
0.0309067
0.207892
0.0620915
0.0179552
0.228285
0.120341
0.425625
0.295327
0.0438942
0.222383
0.0410984
0.0929094
0.041017
0.0228513
0.302805
0.0524755
0.0619119
0.161403
0.142189
0.168431
0.0425131
0.0333766
0.230655
0.104215
0.0306908
0.0518093
0.0456373
0.026296
0.0219099
0.02052
0.0650401
0.0233556
0.0302556
0.0296242
0.0550509
0.0850865
0.0308176
0.0620592
0.215124
0.268755
0.164087
0.0597717
0.0767563
0.0360302
0.0419451
0.0761549
0.226372
0.255491
0.181526
0.203338
0.252158
0.0445401
0.0293524
0.0780107
0.0724974
0.144161
0.0420136
0.12809
0.142883
0.106111
0.0421155
0.220661
0.0446321
0.0725969
0.163296
0.0726969
0.220193
0.0624076
0.0440552
0.0237056
0.0338852
0.0937135
0.143477
0.0321757
0.0452474
0.0230564
0.027426
0.381112
0.193689
0.0148255
0.175871
0.0440857
0.0677228
0.0303712
0.272685
0.109417
0.243174
0.219976
0.25962
0.0361874
0.102618
0.121981
0.0705045
0.455681
0.262714
0.0297873
0.0831464
0.225556
0.33294
0.170178
0.135598
0.0236287
0.195328
0.0392479
0.0418548
0.0435633
0.143258
0.433178
0.390902
0.034828
0.0695122
0.0217837
0.485386
0.188743
0.104313
0.0911322
0.120295
0.0750164
0.0269002
0.0282395
0.297907
0.237521
0.0948603
0.30551
0.108705
0.103531
0.205708
0.159043
0.120917
0.140266
0.0278642
0.114607
0.112641
0.194449
0.235596
0.0316016
0.0410094
0.0384962
0.0446373
0.21486
0.0554637
0.312666
0.279753
0.177727
0.219372
0.146531
0.019393
0.05575
0.247984
0.0175721
0.033149
0.114184
0.0543435
0.0142595
0.0186881
0.0621153
0.129391
0.134995
0.0176015
0.489988
0.381634
0.0309783
0.215762
0.208397
0.0267656
0.12246
0.183258
0.369171
0.195802
0.0724735
0.0395131
0.261284
0.137891
0.058469
0.0544777
0.0464543
0.0434751
0.168411
0.0983792
0.0359986
0.0429398
0.197475
0.0717158
0.134756
0.192581
0.198391
0.0904667
0.0908226
0.187032
0.0244926
0.0273511
0.0350138
0.076674
0.0556602
0.0259797
0.0392131
0.00893954
0.0272568
0.0251052
0.0971569
0.233338
0.0680361
0.036065
0.0243845
0.0146197
0.0323848
0.0371645
0.0248183
0.0143521
0.0853947
0.0729418
0.157678
0.0759135
0.0537582
0.0172445
0.0201004
0.0193609
0.179018
0.0966177
0.105829
0.137637
0.0179704
0.0922127
0.0342631
0.213662
0.105939
0.248053
0.354384
0.395488
0.256968
0.282947
0.220846
0.0352835
0.0265672
0.0248287
0.238821
0.0514589
0.0190093
0.249564
0.0863032
0.201773
0.0280132
0.0288736
0.0771498
0.0402872
0.0307277
0.185712
0.14825
0.0589721
0.0418357
0.0397449
0.0111815
0.130276
0.141319
0.180086
0.0262124
0.0249609
0.248116
0.214269
0.0575674
0.0399966
0.0720354
0.308479
0.0416605
0.0373416
0.0350499
0.0218379
0.0230518
0.155704
0.369682
0.193819
0.0465155
0.0714897
0.125806
0.208288
0.0266576
0.0151333
0.0271571
0.170029
0.156006
0.176185
0.0721724
0.461811
0.385975
0.0428241
0.0673508
0.202085
0.0716641
0.141496
0.123273
0.176917
0.261543
0.0503466
0.187867
0.0983536
0.221821
0.0867357
0.0376147
0.0783205
0.0253163
0.0369341
0.218581
0.178739
0.025388
0.0282659
0.147854
0.0825242
0.1765
0.198497
0.0523442
0.204633
0.178783
0.099411
0.035889
0.0350005
0.214662
0.207036
0.0552448
0.0165011
0.120079
0.0289788
0.0176734
0.101293
0.0425279
0.0328674
0.0238536
0.101442
0.0856441
0.0321714
0.103812
0.187421
0.0158271
0.0877475
0.0779073
0.0251187
0.0138041
0.0153697
0.0150666
0.0797429
0.205756
0.0478701
0.0506987
0.048767
0.0238799
0.0234904
0.091314
0.130045
0.0420906
0.0127324
0.0172137
0.151895
0.0452753
0.0475244
0.0266748
0.17712
0.041983
0.09912
0.0838234
0.0728359
0.0167511
0.161475
0.053273
0.0113992
0.214363
0.0836576
0.018029
0.0289717
0.104031
0.00181154
0.295344
0.284901
0.0469723
0.0323923
0.0155254
0.0289297
0.0231401
0.0386947
0.20143
0.234174
0.0751316
0.22979
0.0325809
0.0257422
0.0420706
0.123281
0.05046
0.0325848
0.0194729
0.068251
0.108411
0.0229882
0.401766
0.13934
0.184706
0.207644
0.0440063
0.0188739
0.351246
0.203894
0.0318768
0.0795842
0.0391246
0.0349017
0.0401789
0.187349
0.0990287
0.0596329
0.139112
0.158938
0.0601672
0.133083
0.214994
0.146301
0.0220977
0.15252
0.0563205
0.122599
0.280907
0.0883983
0.0235876
0.0135634
0.325966
0.055234
0.106706
0.1143
0.0295624
0.0794485
0.174125
0.0445212
0.0492873
0.014459
0.32509
0.0523416
0.107304
0.0344256
0.0172602
0.223771
0.161295
0.14666
0.135143
0.0491509
0.0284625
0.0336899
0.0275858
0.0280357
0.0201077
0.0155205
0.0859993
0.0197991
0.0250641
0.186629
0.105736
0.0330372
0.140932
0.300202
0.0732766
0.132358
0.0944219
0.020887
0.0211288
0.0354575
0.131835
0.0587463
0.0202763
0.140631
0.0394677
0.0312413
0.0355109
0.0135355
0.0953062
0.00918214
0.0239847
0.0310998
0.010782
0.21507
0.160756
0.154077
0.0605032
0.0124125
0.018407
0.0984466
0.178203
0.208744
0.178998
0.0868671
0.0345923
0.0514035
0.206338
0.0885199
0.0459653
0.19997
0.0762476
0.0630032
0.0137173
0.118016
0.0777569
0.0549059
0.0257011
0.00854734
0.143721
0.0763833
0.116063
0.0257834
0.13351
0.0786356
0.0177357
0.0226087
0.0569288
0.0118197
0.0105719
0.161512
0.14788
0.0627527
0.0373983
0.0474736
0.0811018
0.124549
0.0125967
0.0600908
0.0602169
0.0255177
0.0169592
0.042676
0.020324
0.0186286
0.0119399
0.0170276
0.0392083
0.0102664
0.166898
0.0146361
0.0615405
0.0150119
0.0649133
0.0656693
0.29167
0.159172
0.0636163
0.0839155
0.0925988
0.0983948
0.135069
0.0592692
0.135723
0.0149666
0.023301
0.19053
0.153119
0.0121744
0.240912
0.20885
0.168257
0.203851
0.0701624
0.0334156
0.0698629
0.0126011
0.0638868
0.0311655
0.0423619
0.107542
0.114161
0.0174447
0.0377769
0.186871
0.121835
0.0470571
0.0792224
0.0473207
0.104309
0.192216
0.272233
0.178664
0.055115
0.020142
0.0123494
0.039705
0.0280103
0.0870374
0.0197247
0.0424963
0.116087
0.0988424
0.0957256
0.127181
0.0284939
0.121251
0.0299359
0.217949
0.0307382
0.00598252
0.0700514
0.108699
0.0489875
0.0468501
0.00452512
0.0728978
0.0495323
0.190623
0.117259
0.0805685
0.0297393
0.195825
0.270469
0.168829
0.180247
0.216855
0.0223988
0.279002
0.0899205
0.0948812
0.0250908
0.178816
0.236153
0.126967
0.0471383
0.00774473
0.072558
0.0519031
0.00884549
0.00348385
0.0597614
0.167487
0.0999915
0.0618587
0.0491313
0.0396515
0.0828637
0.086264
0.0842716
0.0206467
0.0199744
0.105539
0.0983556
0.0906078
0.0153103
0.0350644
0.119346
0.0526861
0.110979
0.0592095
0.0200176
0.0933165
0.103381
0.0590497
0.0473957
0.0747342
0.0532445
0.180309
0.108738
0.0751723
0.0189075
0.0271874
0.028616
0.00814183
0.0212482
0.128071
0.133075
0.0855479
0.0245757
0.0305261
0.0370675
0.0116516
0.209971
0.0702789
0.0207581
0.116012
0.0564958
0.190154
0.0826768
0.0153936
0.109873
0.190095
0.0942575
0.0667059
0.0222096
0.193923
0.120606
0.0182735
0.134558
0.0756495
0.0719722
0.075389
0.0930182
0.037422
0.0459688
0.124717
0.139678
0.0824981
0.00958934
0.0257307
0.0406296
0.0102925
0.0243424
0.156524
0.196254
0.0151301
0.0324403
0.301718
0.217075
0.0221489
0.371947
0.226567
0.0570224
0.025035
0.0236065
0.0622537
0.0798767
0.133194
0.0706494
0.0227473
0.0913826
0.0996428
0.105349
0.0501556
0.116578
0.0537429
0.0598744
0.0192204
0.0831912
0.13445
0.0471941
0.0511714
0.178181
0.173151
0.104887
0.0870838
0.0768546
0.0592756
0.132354
0.079905
0.0535638
0.0703944
0.0994958
0.0807472
0.0973597
0.0954808
0.0254957
0.0169672
0.0553533
0.0251406
0.0341947
0.192734
0.136857
0.0335772
0.0231324
0.022318
0.013868
0.1194
0.0288349
0.0396291
0.051563
0.0746769
0.0103585
0.0205393
0.0252489
0.016924
0.103134
0.319311
0.00550716
0.0283323
0.0271426
0.0108973
0.0109208
0.200637
0.116717
0.114661
0.0982435
0.00561352
0.0811815
0.0159748
0.0226532
0.226231
0.108103
0.102324
0.0773373
0.0567645
0.0519166
0.00705269
0.24083
0.0544839
0.0216642
0.0975647
0.0228344
0.114198
0.00787074
0.0528249
0.0118373
0.101653
0.0140906
0.0285466
0.0043703
0.0577772
0.032151
0.198229
0.0901492
0.0512676
0.0282284
0.0818545
0.303774
0.139974
0.103106
0.0490232
0.0555768
0.0468078
0.117715
0.0674889
0.0567164
0.0180669
0.0222537
0.0840642
0.0508874
0.0208213
0.0259694
0.014169
0.0158556
0.191011
0.132138
0.144693
0.146755
0.144687
0.0343284
0.107778
0.0763717
0.0166059
0.00958081
0.0155398
0.00790046
0.0753901
0.0651483
0.0200343
0.0658765
0.0142484
0.0354089
0.0154573
0.0808833
0.0416067
0.0248224
0.170521
0.20996
0.0697655
0.111497
0.0319696
0.0789309
0.12493
0.0461495
0.0174573
0.124007
0.0627973
0.197723
0.0717423
0.0851567
0.031358
0.0825825
0.0171449
0.044097
0.0364329
0.0135834
0.0904739
0.00989867
0.0160969
0.0214977
0.188682
0.0656987
0.139996
0.0531761
0.00799096
0.0189858
0.20664
0.107748
0.0731852
0.0189548
0.0142479
0.01715
0.0186945
0.0875957
0.125426
0.15999
0.00825468
0.0967142
0.0903287
0.015798
0.0353136
0.0473018
0.0146707
0.0686333
0.0151571
0.00971288
0.198631
0.0826888
0.0375302
0.0813721
0.140918
0.197784
0.128347
0.0489778
0.018125
0.0138465
0.0195829
0.118469
0.0137776
0.0204014
0.165456
0.0522512
0.0718442
0.195982
0.0268583
0.0294009
0.0325813
0.0671882
0.124931
0.00829051
0.0974213
0.0791315
0.0533774
0.020693
0.176993
0.148248
0.0283498
0.0199969
0.0279869
0.119947
0.0309227
0.0779171
0.0704816
0.0743387
0.0284157
0.0126482
0.0336173
0.0155215
0.206144
0.0855089
0.17714
0.084452
0.0334343
0.180735
0.0858556
0.0192013
0.0402622
0.0950523
0.0615994
0.0243098
0.00881695
0.10099
0.109274
0.0708873
0.0492505
0.0474505
0.0125457
0.0225686
0.0185779
0.157485
0.131159
0.0489942
0.102372
0.039266
0.0202019
0.12195
0.0482994
0.00903044
0.0115792
0.0182081
0.0275348
0.0283741
0.0224414
0.0521131
0.0296854
0.0116255
0.142656
0.0440254
0.0141905
0.0169441
0.0458442
0.0423209
0.0761146
0.0628926
0.167983
0.0411213
0.0289038
0.011573
0.0113655
0.151454
0.136143
0.0818302
0.138075
0.126057
0.104394
0.0183929
0.0198885
0.012494
0.033913
0.0560969
0.123308
0.0134074
0.0291046
0.227419
0.0205076
0.0856268
0.00716865
0.0827403
0.119298
0.0433352
0.0481416
0.0853869
0.0792287
0.0172547
0.0188954
0.145055
0.0987166
0.121297
0.0659195
0.0255266
0.00522488
0.0337821
0.0117013
0.0132727
0.0144324
0.0509274
0.0188367
0.0288633
0.0108645
0.0284123
0.162421
0.044861
0.0503101
0.175854
0.0850518
0.120808
0.0379035
0.0149915
0.102393
0.0377298
0.0362172
0.0154156
0.101792
0.038995
0.108712
0.0694452
0.074382
0.0657653
0.0938661
0.0118232
0.00609864
0.0440676
0.146104
0.0307529
0.119219
0.0708818
0.174273
0.0260121
0.0189193
0.0481434
0.0598567
0.0165116
0.0124453
0.00118785
0.0379111
0.00759301
0.256835
0.294253
0.128416
0.0411247
0.0688392
0.0916849
0.0332702
0.0772382
0.115642
0.0454698
0.024436
0.0216731
0.019175
0.0307506
0.0106681
0.0157126
0.180621
0.0659035
0.171745
0.211435
0.0392034
0.13931
0.0696838
0.0476193
0.0194249
0.0183441
0.0164438
0.0216889
0.0753259
0.0957131
0.0251662
0.15435
0.0356709
0.019432
0.0379998
0.139686
0.0800466
0.068944
0.0480144
0.135651
0.0335539
0.0293811
0.133022
0.0550056
0.0426585
0.0133377
0.0453746
0.0356679
0.0197641
0.0322951
0.136817
0.0840788
0.0905318
0.112235
0.312474
0.0605915
0.152853
0.666371
0.858682
0.144716
0.0527774
0.0356417
0.0299386
0.120586
0.0922156
0.0424019
0.108366
0.0380352
0.0317323
0.0153323
0.0159765
0.0269494
0.0200352
0.0146925
0.0115597
0.0256365
0.0279388
0.171312
0.088554
0.0868218
0.0465924
0.0110204
0.0890437
0.123609
0.0326803
0.018477
0.013508
0.0359771
0.0085993
0.1548
0.110477
0.0277388
0.0168632
0.0448961
0.0125076
0.040709
0.0144543
0.020812
0.0909658
0.136502
0.0586552
0.00297812
0.0479414
0.105801
0.0915332
0.0829034
0.0407348
0.134089
0.0454982
0.077534
0.0324769
0.0521315
0.0562892
0.068792
0.0268415
0.0565029
0.138017
0.0401685
0.0266549
0.016754
0.0758579
0.00611761
0.0382415
0.0188899
0.0384632
0.123722
0.0637692
0.0330231
0.076896
0.115377
0.0200703
0.105205
0.185014
0.0665963
0.174933
0.0756698
0.0203094
0.00916879
0.0216645
0.0377745
0.12701
0.0430468
0.0300662
0.0183274
0.0321279
0.013025
0.00576064
0.0471255
0.0142596
0.214585
0.0814573
0.0211213
0.0225345
0.0142163
0.0148103
0.136403
0.0693906
0.0240331
0.0133254
0.123029
0.0400821
0.0209853
0.0229157
0.0697865
0.0590562
0.0112893
0.0104539
0.020717
0.0193386
0.0137938
0.153763
0.0138441
0.118167
0.160254
0.149742
0.0154645
0.129072
0.0411166
0.00884209
0.012512
0.00833102
0.0802491
0.0251893
0.0735868
0.0253003
0.00749851
0.0918874
0.0285444
0.00863039
0.1481
0.0468631
0.0823375
0.0597384
0.0347535
0.0060557
0.0105393
0.139672
0.0316733
0.00634515
0.130783
0.0865659
0.0142701
0.154687
0.0955488
0.15974
0.0959911
0.156524
0.0423108
0.0444257
0.0211306
0.0412846
0.0114595
0.0154245
0.0280609
0.0328287
0.0133304
0.00774928
0.0164712
0.108848
0.0857511
0.0515297
0.016586
0.0112459
0.0062391
0.206688
0.048802
0.0739138
0.115747
0.0743585
0.0782906
0.027066
0.0933266
0.0612153
0.097095
0.060808
0.0144714
0.153966
0.0818348
0.0568984
0.0200917
0.0791879
0.0469484
0.125266
0.1612
0.0153583
0.0728325
0.0363858
0.142581
0.0387497
0.0148186
0.0214861
0.0213131
0.290084
0.200632
0.0142156
0.0510237
0.0571598
0.0567293
0.0672953
0.0824184
0.0523644
0.00643706
0.146759
0.0582943
0.034712
0.0132533
0.0766227
0.0640007
0.00449955
0.0300658
0.0426909
0.0265429
0.0260348
0.0174728
0.0296015
0.00807702
0.0108783
0.0254009
0.0211588
0.00631363
0.0468263
0.0277408
0.104432
0.0858747
0.0253995
0.00735419
0.0129018
0.0440137
0.00556012
0.00709286
0.0157432
0.0100075
0.0914249
0.10133
0.0758509
0.00840582
0.0801805
0.0267197
0.0108029
0.0175814
0.0318425
0.192194
0.0938077
0.115167
0.0668626
0.0711853
0.065858
0.0560117
0.0735276
0.0607169
0.0203159
0.101907
0.058619
0.131729
0.0262043
0.0520253
0.0269928
0.0650578
0.0141286
0.0385592
0.0366643
0.030437
0.00757686
0.0179517
0.0572172
0.0222542
0.0655744
0.0436235
0.0182002
0.0146497
0.15557
0.0789763
0.0261124
0.0143763
0.0119515
0.107648
0.0315827
0.102563
0.0903255
0.0280952
0.0251321
0.0123579
0.148241
0.0141068
0.388029
0.268188
0.0309078
0.019041
0.0897013
0.0450044
0.0777404
0.0270302
0.0232554
0.19197
0.108858
0.111949
0.0502201
0.0236591
0.0427039
0.0505914
0.184398
0.0671253
0.0242574
0.0766035
0.0124103
0.125067
0.0706477
0.117034
0.0219325
0.0157345
0.0223865
0.0224933
0.040163
0.052469
0.0769949
0.0554166
0.0192682
0.0640103
0.0512252
0.0327252
0.152965
0.0354355
0.0128733
0.0068879
0.0116433
0.0160432
0.0263513
0.0151958
0.06333
0.0318531
0.116098
0.0388989
0.0070479
0.0316531
0.0582668
0.0313677
0.0435615
0.0324694
0.0274019
0.0928735
0.0410866
0.0642666
0.115008
0.0481651
0.0760169
0.192305
0.0781231
0.0112804
0.178468
0.0904935
0.0883576
0.0460488
0.0673158
0.0378769
0.0107893
0.026733
0.0357341
0.0888235
0.105264
0.0599583
0.0165837
0.00846408
0.0810333
0.0185742
0.01247
0.0204135
0.0126382
0.0129821
0.0199464
0.0120161
0.037992
0.0374237
0.0125316
0.0871951
0.0323608
0.0104764
0.0570634
0.00562893
0.129587
0.076179
0.1381
0.0671268
0.0702723
0.0370405
0.0108263
0.026208
0.132421
0.0939671
0.0389654
0.033911
0.0149067
0.0840395
0.00848655
0.03357
0.0208184
0.0220858
0.113544
0.0463781
0.218957
0.0947206
0.0461834
0.0269322
0.0419532
0.00505975
0.0263383
0.0178097
0.0796686
0.0471348
0.0367121
0.0144439
0.0133788
0.0437016
0.0385141
0.095152
0.0965778
0.0249824
0.0300533
0.0770836
0.0526569
0.0194517
0.108652
0.121957
0.127282
0.311868
0.125113
0.0173875
0.0154644
0.0142084
0.175375
0.0997469
0.0126744
0.0673741
0.0771119
0.0151633
0.13377
0.0559518
0.14132
0.0555478
0.0358017
0.0474231
0.0248404
0.0760726
0.0935424
0.0111575
0.0565009
0.0541617
0.0724948
0.0954061
0.117174
0.0721224
0.055294
0.0570567
0.0351523
0.015144
0.0683496
0.0151465
0.175351
0.0378456
0.0248157
0.018387
0.0872073
0.0346583
0.0178814
0.0227883
0.0408332
0.0211298
0.0252458
0.0211614
0.0177829
0.0234969
0.0170834
0.0132079
0.0226086
0.0896882
0.0576264
0.0855007
0.179222
0.0667059
0.0162024
0.0211576
0.0495743
0.0268498
0.0146023
0.110431
0.043983
0.0277353
0.0187678
0.00712641
0.00797549
0.0188149
0.0514273
0.0221624
0.0704311
0.0165841
0.00805368
0.0137507
0.0588296
0.0930467
0.0279678
0.0188163
0.0303802
0.0139795
0.00954444
0.0111255
0.0253741
0.0105968
0.0202167
0.0178482
0.0104378
0.110627
0.0699496
0.0529265
0.0268254
0.0443808
0.136684
0.117874
0.025503
0.00900426
0.110213
0.0400684
0.0068523
0.0187361
0.0806096
0.0171402
0.139079
0.0252116
0.101221
0.0320935
0.0102432
0.0458591
0.0148375
0.0126652
0.0338249
0.0527006
0.0406361
0.0679944
0.0356107
0.00287588
0.019127
0.0123618
0.0142103
0.00623006
0.117355
0.102128
0.083367
0.0496311
0.0311835
0.039301
0.0103
0.0390931
0.00616263
0.0955182
0.0340388
0.0507031
0.112554
0.0818243
0.0209496
0.01459
0.0782271
0.0309198
0.0548909
0.0673591
0.0107458
0.0105023
0.049908
0.0486556
0.0134963
0.0184182
0.0717077
0.10308
0.0470472
0.0117979
0.0650672
0.0179996
0.0167074
0.0543197
0.0513186
0.00619374
0.151583
0.0524785
0.00692515
0.0131913
0.150888
0.10462
0.174185
0.10686
0.0127685
0.0334217
0.0524159
0.055872
0.0371704
0.0153034
0.0561501
0.0209862
0.0431519
0.0092322
0.0168612
0.0807603
0.0338227
0.0256778
0.12622
0.0262326
0.0195865
0.119235
0.0931545
0.073113
0.0413666
0.0706183
0.0132192
0.0198045
0.0364321
0.036732
0.0733562
0.0449957
0.209271
0.0673808
0.0257779
0.0290446
0.0168941
0.0128065
0.0186122
0.0199458
0.055467
0.0799672
0.0741599
0.0980672
0.0219348
0.0077372
0.0206161
0.0115557
0.0330976
0.0477367
0.0219122
0.0278761
0.0120174
0.0324296
0.0670451
0.049939
0.0195306
0.159933
0.181101
0.0916896
0.0334629
0.0227251
0.0271465
0.0795706
0.0999477
0.0225892
0.0215848
0.0236705
0.0125467
0.153238
0.0754297
0.0135892
0.026193
0.0532761
0.043431
0.0806286
0.0521777
0.035632
0.00958913
0.0863335
0.0486608
0.0299558
0.0690408
0.0832128
0.0838128
0.0603683
0.120899
0.0142328
0.141707
0.0324689
0.0132437
0.0393473
0.339026
0.229992
0.0580858
0.0945028
0.0550621
0.0609946
0.0448132
0.0361206
0.0108824
0.0194069
0.012992
0.00790657
0.0110697
0.0944797
0.0301536
0.0463882
0.0291076
0.013675
0.101002
0.0195422
0.0606546
0.054785
0.0224878
0.00821698
0.0212222
0.0431717
0.0619659
0.110384
0.0968199
0.0138188
0.0399162
0.019451
0.00924544
0.0130221
0.0645482
0.0494456
0.0388021
0.0217364
0.0928703
0.225289
0.0490732
0.00912446
0.0327627
0.0112558
0.0233693
0.012823
0.0227569
0.0240356
0.00942963
0.0111534
0.0666806
0.0550367
0.0874802
0.0587841
0.0132781
0.0128033
0.0992965
0.0492988
0.0373521
0.0375681
0.0274209
0.159979
0.0536358
0.0266822
0.0467609
0.0106148
0.00413466
0.0186003
0.0116495
0.0248492
0.0359447
0.0430684
0.0253719
0.0258888
0.0432867
0.0172852
0.00919002
0.0757694
0.0768727
0.0136145
0.0423127
0.0673541
0.0288646
0.0326775
0.052978
0.0404081
0.0156797
0.0973539
0.0439672
0.00756821
0.00341928
0.070416
0.0844632
0.016437
0.0235958
0.140833
0.0586457
0.0140165
0.0536647
0.0153106
0.0464707
0.0972694
0.0306145
0.170886
0.0714151
0.0151982
0.0284935
0.0111416
0.157128
0.0992128
0.0140335
0.0215337
0.0504883
0.0751653
0.0160403
0.0951373
0.0344844
0.0130836
0.122726
0.0971145
0.0324688
0.0165886
0.150302
0.105501
0.0364993
0.0178136
0.0896533
0.0237924
0.032918
0.0157546
0.00904944
0.0146886
0.0548355
0.104592
0.0480756
0.0654481
0.016399
0.0132025
0.0228979
0.0640875
0.0315871
0.0504779
0.00679029
0.061435
0.0233456
0.0253632
0.0178064
0.024241
0.0414557
0.0516937
0.0619943
0.0998003
0.0628329
0.0477793
0.0296289
0.0677754
0.0303916
0.0145896
0.00920281
0.118642
0.0287518
0.0707482
0.0683365
0.0769398
0.0137185
0.0379269
0.0326901
0.0238523
0.0195321
0.0105
0.0304608
0.0928805
0.025478
0.0299116
0.0192147
0.0156422
0.0218207
0.0136683
0.013265
0.00783595
0.0427136
0.0549237
0.0187725
0.0160485
0.0589602
0.0628674
0.0280086
0.024452
0.00705988
0.0752187
0.0194443
0.0982639
0.0529044
0.0575028
0.132827
0.0415778
0.0236628
0.0421152
0.0142106
0.0183718
0.068507
0.0260709
0.0645328
0.0533535
0.0335149
0.0118392
0.120781
0.0877293
0.0260643
0.0199708
0.00568342
0.0144162
0.121828
0.0171922
0.0678823
0.00876088
0.126654
0.0723311
0.0160539
0.0131255
0.0691292
0.0647448
0.101958
0.13118
0.00523554
0.0202235
0.0650148
0.0101334
0.00861736
0.0204831
0.0161617
0.0124311
0.0482822
0.00826958
0.0452126
0.0279839
0.0809537
0.0283663
0.0135678
0.119361
0.0837577
0.0335063
0.0510039
0.0278286
0.0109577
0.0157768
0.00989794
0.0135217
0.0205267
0.09015
0.0599796
0.0747971
0.0276873
0.0175635
0.0235609
0.0318864
0.0086262
0.0179143
0.0086806
0.0150668
0.0574014
0.018045
0.0510876
0.0421119
0.0606809
0.0984841
0.02157
0.020591
0.025206
0.0245759
0.0117923
0.00705498
0.0572482
0.0219825
0.0465738
0.0106427
0.0150777
0.106467
0.018489
0.0589426
0.0161779
0.0339208
0.0142375
0.023743
0.0183589
0.122062
0.0877689
0.00847203
0.0102574
0.039064
0.00744598
0.0374338
0.132929
0.0119193
0.0278848
0.0406695
0.0857971
0.0273406
0.0144354
0.0625569
0.0307282
0.0132486
0.0384746
0.0310404
0.00677734
0.0617961
0.0209156
0.111911
0.0738883
0.0404397
0.0114767
0.138834
0.0641599
0.0288453
0.025245
0.0198836
0.0995464
0.0844648
0.0286381
0.00595524
0.0271382
0.0524355
0.080429
0.0381664
0.113546
0.0692573
0.0180354
0.00463095
0.00953406
0.0304328
0.0107916
0.0423612
0.0222072
0.0249833
0.100376
0.0574386
0.0538453
0.0268249
0.0294343
0.0150587
0.00985211
0.0207422
0.0161913
0.00726459
0.105435
0.0562267
0.00702512
0.0206799
0.0121609
0.0149015
0.0107321
0.0136372
0.00417723
0.00932907
0.0145223
0.037498
0.110355
0.0221734
0.0187748
0.00940585
0.00963935
0.029818
0.00956418
0.0215022
0.0133131
0.0188847
0.00874141
0.0166742
0.0205728
0.263314
0.208575
0.0312882
0.0118099
0.0459618
0.0938443
0.104715
0.131502
0.0180993
0.0023693
0.0145609
0.0169076
0.0148457
0.00406314
0.0108775
0.0632115
0.066259
0.0487933
0.0127235
0.0116501
0.0262052
0.00995652
0.0109551
0.0178425
0.0105854
0.0279016
0.0181575
0.0876151
0.0750828
0.0134357
0.0113485
0.10962
0.0884481
0.0786568
0.0321951
0.0700342
0.00748338
0.0706275
0.106076
0.0314329
0.012444
0.009304
0.0165849
0.00867558
0.0356769
0.03252
0.0544659
0.040023
0.0387776
0.0748657
0.0238646
0.0571406
0.0196559
0.00731995
0.00923446
0.0125221
0.0196699
0.0537757
0.0195796
0.0779084
0.0156989
0.0321277
0.144957
0.0834868
0.0105914
0.0113675
0.0110024
0.0670538
0.0459052
0.045151
0.0447639
0.0352739
0.0369429
0.0210457
0.0160499
0.0033886
0.0573603
0.0254704
0.014406
0.012733
0.00494659
0.0131697
0.0103037
0.0128257
0.0186289
0.041471
0.0312593
0.00506844
0.0120434
0.0651462
0.0433192
0.0938014
0.0898237
0.0130321
0.0478264
0.0884342
0.0214288
0.102275
0.0516946
0.0412835
0.0533188
0.0402799
0.0120236
0.0801215
0.0815464
0.130792
0.0846433
0.00780013
0.045681
0.0170622
0.0195837
0.0215748
0.0160621
0.0121501
0.0192074
0.0912083
0.00472902
0.00782284
0.0661842
0.0445446
0.0540223
0.0400262
0.0317189
0.0129971
0.00963528
0.0391514
0.0426092
0.0467378
0.0721618
0.0124646
0.0192025
0.0603754
0.0128779
0.007297
0.0831155
0.0153071
0.0828858
0.0659121
0.0565098
0.0115977
0.0519443
0.0481342
0.0140568
0.0136185
0.0086474
0.0157495
0.0227031
0.00556047
0.00814632
0.0216879
0.0193085
0.0170742
0.00553647
0.0207019
0.149742
0.0678578
0.0603445
0.18017
0.23598
0.0462155
0.100128
0.0234867
0.0186705
0.0235674
0.0115867
0.0627423
0.0459009
0.123967
0.10556
0.0127487
0.059098
0.0345269
0.0157913
0.10027
0.0620023
0.0130645
0.0488326
0.0164319
0.0140842
0.00728071
0.0147763
0.0626408
0.0271321
0.0172953
0.114283
0.0786669
0.087584
0.0659731
0.0250121
0.0464229
0.0208938
0.00918203
0.0103516
0.136577
0.108814
0.017691
0.00608541
0.0218315
0.0708304
0.0665777
0.0186848
0.0135091
0.0628244
0.0452834
0.069751
0.0348484
0.0216869
0.052072
0.0310718
0.0221856
0.0195984
0.0544433
0.0431656
0.0205174
0.011147
0.114706
0.0888732
0.0788169
0.0113856
0.0273856
0.0217142
0.0109759
0.0468329
0.0588029
0.0757529
0.0315505
0.0101997
0.119244
0.0423102
0.0657083
0.0614747
0.007625
0.200882
0.0408593
0.0275114
0.0543395
0.130085
0.130072
0.0708235
0.0119274
0.0365562
0.0179081
0.0175128
0.0136766
0.0049779
0.0157606
0.0495675
0.0331549
0.035107
0.0230507
0.0220923
0.042227
0.0634675
0.0755243
0.0352784
0.00700946
0.0289304
0.00783333
0.010384
0.013767
0.0958186
0.0221775
0.0868982
0.0188452
0.0583772
0.0127356
0.00546356
0.138975
0.0440951
0.00993163
0.045847
0.032564
0.0068704
0.0110916
0.0345013
0.00798651
0.0481628
0.00498527
0.0168975
0.0771464
0.0601505
0.0825124
0.0205299
0.0573315
0.0180913
0.0134494
0.0178292
0.0370002
0.073493
0.0957259
0.0365693
0.0426182
0.014002
0.0592509
0.0684419
0.0480909
0.015109
0.0175053
0.0156635
0.0425856
0.03068
0.0371404
0.0275903
0.00451488
0.0609343
0.0154431
0.0128705
0.00857336
0.0227082
0.0263262
0.0786503
0.033294
0.0526082
0.0207396
0.0123258
0.0138309
0.0794504
0.0246717
0.0135157
0.0326703
0.0110522
0.0194363
0.0112225
0.0177422
0.0218927
0.00647596
0.0129817
0.0989784
0.0631859
0.0918674
0.0199818
0.00508748
0.074689
0.00956226
0.0204985
0.045594
0.0239388
0.0416004
0.0631944
0.0323351
0.0629749
0.036894
0.00791981
0.0141841
0.0182901
0.0659731
0.0413922
0.0131697
0.0145374
0.0903281
0.0324432
0.0290211
0.0306226
0.00507023
0.0172708
0.0175388
0.0198252
0.0115776
0.101052
0.0261194
0.0428486
0.00705517
0.0327014
0.0123759
0.015049
0.0106802
0.00695595
0.046603
0.0236834
0.0073225
0.0248385
0.0782502
0.14639
0.0497029
0.0206617
0.0434071
0.00866136
0.0355018
0.0244062
0.096323
0.0133724
0.0685214
0.0256935
0.0378338
0.0101069
0.0342878
0.039788
0.0178687
0.100067
0.00551855
0.0199066
0.0343001
0.0276587
0.00866965
0.0248541
0.0688784
0.0689122
0.0440737
0.00304297
0.0162151
0.0551788
0.0492674
0.0173894
0.025478
0.0552282
0.0319676
0.0336958
0.0175685
0.0686676
0.0499011
0.0334009
0.0171448
0.010439
0.00829486
0.0190249
0.0220346
0.0583738
0.0490328
0.0250762
0.116993
0.0702992
0.00531033
0.0217558
0.0232074
0.0334683
0.0948085
0.0340846
0.00740203
0.0127219
0.0464338
0.0366752
0.0117772
0.014
0.0235935
0.0162071
0.0179032
0.117192
0.0399288
0.00522679
0.0234499
0.0199732
0.0970033
0.0328638
0.0309827
0.0327117
0.0155921
0.0114081
0.0171489
0.0343407
0.0569969
0.0269146
0.0125743
0.0965733
0.0128123
0.0378182
0.0054692
0.00918459
0.0713063
0.0338054
0.128987
0.0607324
0.0394916
0.0825843
0.0867146
0.0803653
0.127093
0.0130454
0.0905631
0.0800421
0.0103621
0.0132962
0.0181793
0.0549362
0.0495363
0.0165894
0.00178486
0.0110686
0.0030064
0.0139407
0.0109972
0.081829
0.0303355
0.0792389
0.0395084
0.0339209
0.0422769
0.0148779
0.0232194
0.0103963
0.0664295
0.0676871
0.0518843
0.0939458
0.00611399
0.0713855
0.0487503
0.0568964
0.017844
0.0149417
0.0152318
0.0206705
0.0158588
0.0620698
0.0660168
0.0112256
0.0137246
0.0133844
0.117065
0.0375835
0.0116287
0.0134563
0.00465798
0.0046778
0.0112128
0.044717
0.0132851
0.00919419
0.154815
0.110273
0.0396964
0.0323793
0.0359662
0.0104879
0.0306653
0.0206527
0.0302258
0.00606997
0.02646
0.0103632
0.00553958
0.0208031
0.0041669
0.00828045
0.0119306
0.0870152
0.0217237
0.015252
0.0216978
0.0131767
0.00269208
0.043794
0.0513816
0.084188
0.0129368
0.0136186
0.0135925
0.0106863
0.0683146
0.0442239
0.0393738
0.050151
0.0107549
0.0122613
0.0201022
0.00874029
0.016906
0.00847526
0.109827
0.0318774
0.0143311
0.00811198
0.010061
0.00846818
0.0380852
0.0464343
0.07532
0.0312395
0.0106359
0.00523841
0.0137873
0.0101522
0.0636338
0.00841611
0.0126205
0.00731021
0.0540825
0.0134073
0.0078716
0.059979
0.0250956
0.00912215
0.0474822
0.0179789
0.0238688
0.0292341
0.0146861
0.0343528
0.0466702
0.00909131
0.135459
0.0510086
0.0351415
0.0393605
0.0215531
0.00750065
0.0177576
0.0213941
0.0107122
0.0269053
0.0215015
0.00922695
0.032806
0.020204
0.0450816
0.0155321
0.073154
0.0164758
0.0138929
0.0178291
0.0134227
0.154969
0.130748
0.0136086
0.0150233
0.00577752
0.0296502
0.00686782
0.00342174
0.0319559
0.0283927
0.0426777
0.0539171
0.0220579
0.080052
0.0322805
0.0126429
0.0640615
0.0266205
0.0100193
0.0126153
0.00563
0.0193869
0.0143076
0.0580021
0.0359338
0.0155886
0.00759719
0.0683418
0.0385085
0.011379
0.163855
0.119618
0.0580918
0.0691269
0.0454046
0.0193631
0.0266555
0.00910998
0.0147044
0.042466
0.0386872
0.105953
0.0305637
0.0168384
0.00691606
0.0714289
0.0460428
0.0383446
0.0328762
0.0396429
0.0513098
0.0143266
0.0142979
0.0427504
0.021905
0.0132342
0.0425981
0.0178547
0.0679197
0.0212432
0.0220337
0.051255
0.0170134
0.0987334
0.0121237
0.0139498
0.0081684
0.0466669
0.0119703
0.0854259
0.0525631
0.0186791
0.021721
0.0120748
0.0420085
0.0493524
0.0172794
0.0123092
0.0739963
0.0639216
0.04543
0.0870072
0.0421777
0.0275575
0.0164972
0.0200879
0.0103467
0.030696
0.00671288
0.0170406
0.0130057
0.12312
0.106015
0.0178471
0.158902
0.0957812
0.0138774
0.054085
0.0441213
0.0388955
0.015502
0.0143439
0.0133138
0.0659596
0.024089
0.0187465
0.011267
0.057687
0.00506965
0.0166429
0.0162996
0.0273663
0.0514335
0.0430995
0.0249391
0.010609
0.0251149
0.0130752
0.0583257
0.0750504
0.0517488
0.0286109
0.0908108
0.0638357
0.0369827
0.00870086
0.0146188
0.0732498
0.0238445
0.0129683
0.00933843
0.019332
0.0072415
0.00925174
0.0950874
0.0167546
0.0454814
0.0235602
0.104322
0.0437253
0.193547
0.107074
0.0301715
0.00916934
0.0650439
0.0168579
0.0151165
0.00418657
0.02085
0.0502783
0.00838135
0.09705
0.0259245
0.0191282
0.0131478
0.0214352
0.00547037
0.0121494
0.0098586
0.013035
0.00953733
0.140544
0.0840801
0.0145295
0.0150243
0.0236378
0.0352507
0.0241073
0.0124878
0.055551
0.0317653
0.0569645
0.0492225
0.0204752
0.0772024
0.0318747
0.00896116
0.0249384
0.0113703
0.0161119
0.0813267
0.0404272
0.0125842
0.0408998
0.0174652
0.0617716
0.0188775
0.00969853
0.0255291
0.00669961
0.0116726
0.0644048
0.0546609
0.0448984
0.0929417
0.0165401
0.0173792
0.108401
0.0294983
0.0279358
0.0866433
0.00685539
0.0151726
0.0154512
0.0137974
0.0141733
0.00784529
0.00445906
0.00981855
0.0106388
0.0726603
0.0478076
0.0164473
0.0194117
0.0270487
0.0677208
0.064823
0.0173388
0.0416546
0.0601181
0.0161691
0.0128487
0.0123239
0.0494108
0.0604993
0.019188
0.0736703
0.032002
0.0640396
0.0433575
0.134174
0.0188701
0.0121519
0.0189167
0.0164121
0.0118458
0.037255
0.0189951
0.0514093
0.00357109
0.02533
0.0875083
0.0402505
0.0230622
0.0800471
0.0333608
0.0150981
0.00558061
0.0221401
0.0168001
0.0701551
0.0195233
0.0772281
0.0197664
0.0609286
0.0105494
0.0148498
0.00553319
0.0215307
0.168632
0.102849
0.0415295
0.0443997
0.0124033
0.0130335
0.0420387
0.0821533
0.0458264
0.0325889
0.0280332
0.00787589
0.0323351
0.0298406
0.0314525
0.0172486
0.0104344
0.0275632
0.0052596
0.0171345
0.0209879
0.0138011
0.0263282
0.102604
0.14392
0.0898131
0.0488414
0.0349772
0.0577472
0.0158057
0.0115097
0.0125763
0.0748609
0.0270163
0.0119144
0.0437704
0.0604538
0.00914473
0.00706648
0.022335
0.0199387
0.010818
0.0111204
0.0571246
0.05304
0.0205421
0.0539514
0.0484926
0.0243536
0.0281291
0.0408293
0.1164
0.0052183
0.0689565
0.0259598
0.00427333
0.0419922
0.01205
0.0864325
0.0264313
0.0196962
0.0201309
0.0418306
0.0198975
0.0203042
0.0435914
0.0323411
0.0231414
0.0423478
0.0150423
0.0126327
0.0280481
0.0402502
0.024188
0.0129204
0.0374259
0.0158788
0.011129
0.0434879
0.0286817
0.0235674
0.0892023
0.0452821
0.0875417
0.0372642
0.0255125
0.015032
0.00980756
0.0312139
0.0074233
0.0964874
0.0479077
0.0240198
0.033917
0.0194992
0.00703197
0.00980426
0.0678089
0.043976
0.0269323
0.0360538
0.0482375
0.0135024
0.0234484
0.0123142
0.0180232
0.0468023
0.0293506
0.00974229
0.0186005
0.0211712
0.0138663
0.0816145
0.0199539
0.0229582
0.0485923
0.0641613
0.0167931
0.0128193
0.0425976
0.0317132
0.0773493
0.0658277
0.0160029
0.0166914
0.015145
0.0063012
0.0157353
0.0180768
0.00499889
0.0131793
0.0659053
0.067621
0.0138433
0.00367731
0.00583683
0.0117809
0.0165505
0.014447
0.00945169
0.086921
0.0457126
0.0997498
0.0964018
0.0153171
0.0351099
0.0120299
0.0104054
0.0079497
0.0398779
0.0293998
0.0266005
0.0513867
0.0230768
0.0311176
0.0256309
0.0310234
0.0109378
0.0155075
0.0140675
0.015361
0.0897285
0.109287
0.0765327
0.0298843
0.0131345
0.0788957
0.0556465
0.013226
0.00486476
0.028498
0.00873824
0.0104421
0.0474708
0.00640392
0.0165115
0.0186312
0.0570125
0.0115665
0.0301847
0.0597525
0.053291
0.0554417
0.00660248
0.0681005
0.0483971
0.0170464
0.0166016
0.0268422
0.0254273
0.0120327
0.0407165
0.0736052
0.00973278
0.0640218
0.0311785
0.01107
0.0098885
0.0145394
0.0269658
0.0205937
0.00859027
0.0243508
0.0118106
0.00770664
0.00739632
0.0743686
0.0353959
0.0401535
0.013153
0.0145915
0.0163708
0.0196707
0.0129018
0.00658323
0.116791
0.0949995
0.0111594
0.0282046
0.209161
0.173845
0.0143748
0.00745801
0.00758392
0.0738432
0.0375601
0.0114412
0.0114815
0.0383985
0.0313109
0.0898596
0.0357902
0.0489185
0.0452358
0.116428
0.0647872
0.0392545
0.039099
0.0525807
0.0530734
0.0181907
0.00738185
0.0085314
0.0153537
0.00543383
0.00524776
0.0303396
0.0612718
0.0226148
0.011946
0.00696942
0.0131354
0.0103919
0.0666655
0.0375806
0.00462558
0.00959471
0.0560441
0.029578
0.014643
0.00797884
0.0229831
0.0121102
0.0132187
0.0570199
0.0333626
0.0555034
0.0492212
0.0133585
0.0284538
0.00983183
0.0223661
0.0155586
0.0119481
0.0655789
0.0396051
0.0314349
0.0198225
0.00672885
0.0522546
0.00934403
0.0305323
0.0532683
0.0265267
0.00842652
0.0816031
0.0440698
0.00546651
0.0222244
0.0256536
0.0030336
0.0414027
0.078669
0.0327492
0.00984791
0.01389
0.02582
0.0350127
0.00591893
0.0110029
0.0104841
0.00978838
0.0571035
0.0443724
0.00977133
0.0163842
0.0121339
0.00738033
0.0117591
0.0158612
0.0107022
0.0453991
0.0705755
0.0124778
0.0523808
0.0130771
0.0173892
0.0115312
0.016261
0.121458
0.159835
0.0289396
0.0671625
0.0455382
0.0123121
0.0108331
0.0216846
0.0486849
0.0101713
0.0141945
0.0267959
0.013967
0.0138413
0.00881425
0.0357195
0.03381
0.0111259
0.0572971
0.0590081
0.0454506
0.0770647
0.0211259
0.0104548
0.0266131
0.0732737
0.00812494
0.0583969
0.036844
0.0538605
0.00704283
0.00798163
0.00954527
0.0116934
0.0201287
0.0125737
0.0164486
0.0281313
0.031268
0.00963059
0.00738045
0.00921234
0.00706946
0.0710081
0.0180349
0.00634103
0.0919939
0.0449289
0.00528199
0.00798557
0.00501011
0.0533356
0.0549745
0.0209067
0.029975
0.0496464
0.0123604
0.083019
0.0417926
0.0275785
0.049223
0.0184495
0.0230628
0.0623928
0.0370734
0.0141681
0.0140582
0.0189708
0.035496
0.00544276
0.0250111
0.0149907
0.0636116
0.069538
0.0745971
0.0401492
0.0169987
0.0236672
0.0124149
0.103537
0.0360927
0.137426
0.0330241
0.0293757
0.0172024
0.0147105
0.0186613
0.0285481
0.0162361
0.0127524
0.0426745
0.051605
0.0382339
0.0214416
0.0392513
0.017959
0.0140694
0.00427485
0.0107584
0.0180403
0.0134926
0.00985889
0.0270216
0.0111352
0.0611098
0.0892217
0.0314694
0.0116181
0.0141269
0.00823161
0.078375
0.0646959
0.00696068
0.00880566
0.00852032
0.00704762
0.0151959
0.0171429
0.0200486
0.00583203
0.0123586
0.0512184
0.0132622
0.0373723
0.0412657
0.00487786
0.0264596
0.00953434
0.011725
0.00570132
0.0246742
0.0400269
0.0176644
0.00716224
0.00717812
0.0645097
0.0205928
0.0727448
0.041931
0.0108189
0.0132012
0.0294474
0.0158773
0.0128839
0.032926
0.0189854
0.0119787
0.0159521
0.0607383
0.0273965
0.0276563
0.0211538
0.0389767
0.0455
0.103889
0.0380042
0.0438438
0.0196491
0.0278896
0.0264079
0.00554657
0.0350475
0.0286967
0.0522631
0.0829605
0.0238028
0.0342486
0.0591837
0.0133859
0.0164135
0.0101056
0.0144682
0.00471861
0.018018
0.0674717
0.0499645
0.0330241
0.00897822
0.0411871
0.0204577
0.0143171
0.0153349
0.0229704
0.021518
0.00911504
0.0616223
0.0179989
0.0462984
0.0207205
0.0237231
0.0233761
0.0261806
0.00614698
0.0073695
0.0153585
0.0302443
0.0454767
0.0075467
0.010945
0.0121355
0.081111
0.0225894
0.00769896
0.0794805
0.0457623
0.0105991
0.046408
0.00905673
0.0130109
0.0888015
0.0393343
0.0365345
0.038838
0.0713082
0.0730352
0.0902593
0.0202111
0.0110446
0.0464632
0.0280785
0.0122804
0.146736
0.0310374
0.0218525
0.0344366
0.00431503
0.0209251
0.0184017
0.00388253
0.0345062
0.0264505
0.077567
0.00707011
0.032047
0.0199484
0.0339913
0.0134824
0.0121825
0.0240314
0.0500961
0.0215429
0.022781
0.0552292
0.0126091
0.0369695
0.052665
0.0651603
0.0281122
0.0147072
0.00769404
0.0633844
0.0218929
0.0104999
0.0121067
0.0665063
0.0220717
0.0522284
0.0379647
0.00475359
0.0263431
0.00981
0.013621
0.102371
0.0868521
0.00533312
0.0255493
0.0591464
0.0487223
0.0597235
0.0236748
0.0358416
0.0165799
0.0129359
0.0189681
0.0229033
0.0352346
0.0380743
0.0996846
0.0630814
0.0612113
0.0155757
0.0158271
0.0639373
0.0374841
0.0450961
0.00641467
0.00588954
0.0108709
0.0399669
0.0508504
0.0702474
0.0493432
0.00804968
0.0598357
0.0101791
0.0155715
0.0132441
0.0235576
0.00812203
0.0605125
0.0441799
0.0124857
0.0830993
0.0379079
0.018964
0.00709986
0.0180844
0.0127341
0.0143222
0.11603
0.0917031
0.0127013
0.0623117
0.0204047
0.014981
0.020881
0.0658634
0.0205001
0.0345607
0.0588353
0.037899
0.0263821
0.00483382
0.0204087
0.0145508
0.0233923
0.0360005
0.021293
0.0416361
0.0183068
0.00678534
0.0556887
0.0212593
0.0206441
0.0230657
0.0116459
0.0188274
0.0305999
0.034092
0.0164729
0.0391846
0.0117595
0.00850913
0.0276431
0.00837747
0.0127694
0.053732
0.0230262
0.0136739
0.0617881
0.0934646
0.0401858
0.0290895
0.0240301
0.0106722
0.0127909
0.0898325
0.0403314
0.0299501
0.0358767
0.0140064
0.00887694
0.0550835
0.0196163
0.0357767
0.0202785
0.0382212
0.0521981
0.127223
0.0863577
0.0647316
0.0177325
0.01259
0.012132
0.0429302
0.0123531
0.0554345
0.0100344
0.0391761
0.0218869
0.0340629
0.0039864
0.0396392
0.0287877
0.0220263
0.00558951
0.03861
0.00585492
0.0650886
0.010462
0.051087
0.0535442
0.031229
0.0301795
0.0045573
0.0242374
0.0576461
0.0323533
0.0276997
0.0744594
0.0791158
0.0229306
0.0147627
0.0100397
0.0214003
0.0137454
0.0313485
0.017167
0.0136
0.017874
0.021017
0.0283864
0.0088056
0.0168725
0.0372672
0.0309247
0.0122934
0.0108937
0.0180167
0.00977782
0.0143642
0.0115458
0.0591701
0.0693081
0.0273654
0.010474
0.0115305
0.010501
0.0139792
0.0150651
0.0648672
0.0676871
0.0126316
0.00751904
0.0792591
0.0440002
0.00773322
0.0134169
0.0115605
0.00935752
0.0902182
0.0323502
0.0224068
0.0407732
0.0487299
0.011204
0.00715004
0.0132452
0.0318594
0.0170343
0.0105115
0.0322026
0.0113722
0.00488569
0.0207422
0.0275318
0.00991312
0.022321
0.0208839
0.00903365
0.039987
0.00724724
0.0462181
0.0342078
0.0131779
0.0539853
0.0250932
0.121272
0.0282118
0.0469372
0.0160757
0.0113127
0.0109996
0.0105968
0.031128
0.0383951
0.0108897
0.0115554
0.0555425
0.052117
0.127945
0.120101
0.0125392
0.00803061
0.0160925
0.00965375
0.00667411
0.010634
0.0105672
0.0426498
0.00920676
0.00873688
0.00747173
0.0451561
0.0299464
0.0115937
0.014072
0.0153262
0.0118418
0.0615546
0.0161592
0.018704
0.0150533
0.00517204
0.0632821
0.0420031
0.0176712
0.00940206
0.0168153
0.00977058
0.0391694
0.02408
0.0101934
0.00722227
0.0432082
0.0344712
0.00859007
0.0380019
0.0464043
0.0118275
0.0676671
0.00221042
0.0333372
0.0103801
0.0359258
0.015273
0.0185186
0.0206833
0.00501783
0.0874811
0.0326225
0.0273754
0.0234473
0.00924115
0.00860648
0.0431926
0.0410129
0.0265974
0.00520623
0.01238
0.114179
0.0444664
0.0523237
0.0121114
0.0103367
0.0105593
0.0450244
0.147109
0.0700884
0.00811669
0.0165982
0.00809626
0.0160163
0.0110274
0.0272239
0.0144073
0.033179
0.0216169
0.00313411
0.00599563
0.0103104
0.00756368
0.0587487
0.0289791
0.0703175
0.0129836
0.0223418
0.0761608
0.00463569
0.048158
0.01412
0.0159624
0.0194917
0.0127077
0.0303856
0.045756
0.0544581
0.0479421
0.00642117
0.0161768
0.0122088
0.0315331
0.0130423
0.00608518
0.0424816
0.0222035
0.0208595
0.0443016
0.0126908
0.0153878
0.0206927
0.010797
0.0408379
0.00410656
0.0200635
0.0210298
0.0572582
0.00758725
0.0235388
0.0986658
0.0368186
0.0313006
0.0624039
0.0316334
0.00868627
0.00797984
0.0102522
0.0282687
0.0123911
0.0444618
0.0573564
0.0200953
0.0098142
0.00932917
0.0325445
0.0523473
0.0169762
0.04392
0.0550889
0.026528
0.0422661
0.0668675
0.0147075
0.0206111
0.0138982
0.0346904
0.0169566
0.0251684
0.0420746
0.0261801
0.0998367
0.0430584
0.00847047
0.0209623
0.0300535
0.0318058
0.0223961
0.00489419
0.0544512
0.0823433
0.0112292
0.00861677
0.0117578
0.00631072
0.0152973
0.021339
0.0345805
0.0041286
0.0388256
0.0843041
0.00859976
0.0252564
0.0218662
0.0331377
0.0157143
0.0141778
0.0333891
0.0243619
0.0069136
0.054602
0.00597736
0.00534983
0.0341262
0.00689382
0.0603281
0.109958
0.034321
0.00813317
0.077355
0.031175
0.0234022
0.00922787
0.0132827
0.040516
0.0355428
0.0217068
0.0346608
0.0849282
0.0230495
0.00449456
0.0121518
0.0378766
0.0359957
0.0185082
0.0123101
0.0292737
0.00975771
0.0297441
0.0338683
0.00675216
0.0284713
0.0184227
0.00649178
0.0434644
0.0262793
0.00682513
0.0254747
0.0150546
0.04056
0.0237681
0.0281969
0.011196
0.0131306
0.0636517
0.0467771
0.0192746
0.037692
0.0288588
0.0255662
0.0453875
0.00888117
0.00768902
0.00895375
0.0511928
0.0187943
0.00568237
0.0467654
0.0584555
0.0160125
0.012129
0.0125653
0.0131377
0.00764976
0.0118279
0.00596018
0.0120804
0.0156209
0.00447227
0.0110054
0.0897439
0.113156
0.00504705
0.0725939
0.0162944
0.043428
0.0408921
0.0141484
0.0125423
0.166334
0.158054
0.0127506
0.0140488
0.0554814
0.0148415
0.034182
0.0132802
0.0613736
0.00885984
0.0150371
0.0116335
0.0127792
0.0687243
0.0092684
0.046692
0.0139793
0.0131165
0.0451884
0.0720681
0.0160431
0.0144896
0.0211371
0.0133326
0.0676003
0.0572734
0.103336
0.0581835
0.0699256
0.0635593
0.0696109
0.0191352
0.0445342
0.0128249
0.0490222
0.0249852
0.021314
0.0382851
0.014856
0.0497145
0.0309351
0.0126617
0.080117
0.0421337
0.0209299
0.0573262
0.0299495
0.0191143
0.00760249
0.00652068
0.00767933
0.0929667
0.0464928
0.00706945
0.0190168
0.0232722
0.0181426
0.00556575
0.0567801
0.027352
0.0343168
0.0264158
0.0290616
0.0659739
0.0291679
0.0196757
0.0143924
0.00468581
0.0127364
0.0065082
0.0150419
0.00290501
0.0475898
0.0490613
0.0105247
0.0726671
0.0359983
0.020658
0.0113808
0.0188183
0.0153805
0.0290172
0.0291904
0.0143527
0.00999128
0.0523697
0.0121366
0.00670392
0.0119278
0.040947
0.0261435
0.022981
0.0142564
0.0176914
0.0190536
0.00713445
0.0141438
0.048713
0.0359927
0.0275697
0.00538558
0.00604348
0.0135695
0.00682992
0.0131573
0.0311841
0.0175415
0.00584366
0.00791864
0.00856555
0.0275489
0.04818
0.0126091
0.0141875
0.0447943
0.0408559
0.010723
0.0157925
0.0211939
0.00678907
0.00402025
0.0173796
0.0530233
0.0224194
0.02792
0.00984065
0.00923284
0.00787762
0.0341556
0.0243938
0.046842
0.0131765
0.043455
0.10523
0.0217593
0.0141711
0.0150054
0.0606473
0.00946909
0.00760884
0.0168587
0.0719553
0.0138214
0.0392634
0.0269976
0.0158779
0.00408193
0.0355377
0.0119449
0.0227721
0.0174111
0.00880621
0.0560905
0.00491694
0.00955278
0.0244037
0.00576435
0.00826193
0.00548982
0.0118567
0.00617093
0.0071419
0.0494307
0.0827046
0.01027
0.0215905
0.0394226
0.0114869
0.0058416
0.00595167
0.030854
0.016334
0.00638031
0.0324814
0.0192279
0.0102304
0.00938353
0.0255319
0.0456335
0.048005
0.0185977
0.00881727
0.00947052
0.0080102
0.0119108
0.0653684
0.0606535
0.0455585
0.0217224
0.0100976
0.00693162
0.00475577
0.0438465
0.0492673
0.0425041
0.0109339
0.0686094
0.00689228
0.00966357
0.052637
0.0171636
0.00728549
0.0113199
0.064796
0.0341798
0.0706714
0.022507
0.0131992
0.00651417
0.0176055
0.0745236
0.0275907
0.0088645
0.0148729
0.0401807
0.0167827
0.00499769
0.0166359
0.00808935
0.00476845
0.06257
0.0627094
0.0141475
0.0368909
0.0534823
0.012517
0.057396
0.00825464
0.020077
0.0272079
0.0189603
0.0107636
0.0862801
0.0557644
0.0110828
0.0195738
0.0207568
0.00805873
0.0303285
0.00772269
0.00413013
0.0169459
0.0470004
0.0140228
0.0178113
0.00907035
0.0424167
0.0156663
0.016621
0.0106648
0.0161714
0.0231453
0.01773
0.0110537
0.010626
0.00882048
0.0903432
0.062031
0.0172698
0.0179497
0.062063
0.037115
0.0505258
0.0530364
0.0123805
0.0451039
0.0169228
0.0106322
0.0115886
0.008742
0.00738848
0.00788266
0.0587679
0.0335002
0.0259278
0.0162031
0.0102887
0.0759654
0.0407263
0.0107463
0.0120449
0.013863
0.0133728
0.0522035
0.0121704
0.0101603
0.00893248
0.00850445
0.067272
0.0387748
0.00702411
0.00953541
0.00857548
0.0443367
0.0157547
0.00517043
0.00935033
0.0291961
0.0124377
0.00644928
0.00890697
0.00457172
0.00623145
0.0139079
0.0074902
0.024175
0.0133317
0.0189688
0.0606233
0.0556024
0.0485807
0.0532519
0.0124115
0.0437024
0.0111649
0.0364836
0.0621268
0.0468341
0.0230229
0.0255099
0.0144474
0.0123619
0.0626035
0.0373551
0.0959175
0.0296043
0.01238
0.0176668
0.0265861
0.0331045
0.0340321
0.0187118
0.00981337
0.0386006
0.0340768
0.0358618
0.0105581
0.0113367
0.00402146
0.00795085
0.0310937
0.00892493
0.00876346
0.0135713
0.0295416
0.0234084
0.0171327
0.0104241
0.0103085
0.0092625
0.0222357
0.0466313
0.0023321
0.0192812
0.00525905
0.0109864
0.0266675
0.021787
0.0131911
0.00811668
0.0121406
0.0562859
0.0211614
0.0108912
0.0105741
0.00614122
0.00986128
0.00703261
0.0576163
0.0056863
0.0142942
0.0369643
0.00687716
0.03822
0.00638019
0.0544566
0.00540741
0.0282261
0.00931974
0.0135447
0.0168288
0.0149677
0.0547065
0.0733603
0.1221
0.0635389
0.0528551
0.0494743
0.0508569
0.0304382
0.0406676
0.0293246
0.0170952
0.0808992
0.132841
0.0185984
0.0558805
0.0486286
0.0617368
0.0232817
0.00985425
0.0111595
0.0103103
0.00867162
0.00724087
0.0237181
0.0494607
0.00514039
0.0232993
0.0264281
0.0148628
0.0321121
0.0304126
0.0312562
0.0296114
0.00480952
0.00222805
0.00823145
0.0097614
0.0129473
0.00596383
0.0067228
0.0131662
0.00503972
0.0224512
0.0544805
0.0320685
0.0304245
0.0213823
0.0302685
0.066892
0.0272868
0.0099098
0.0171519
0.00746724
0.00742398
0.0274981
0.0303635
0.00808712
0.0612903
0.0350693
0.0289776
0.0315409
0.0250491
0.00904632
0.00743912
0.02275
0.0439162
0.0812002
0.0297972
0.0242183
0.0502352
0.0367356
0.022296
0.023301
0.0114741
0.0113415
0.0273886
0.0487698
0.00351989
0.0408079
0.0712288
0.0411712
0.0122531
0.0106065
0.0281497
0.0408856
0.013271
0.0205887
0.0116564
0.0207176
0.0362699
0.0155471
0.00536958
0.0093317
0.0879259
0.0728397
0.0140287
0.0432369
0.0156622
0.0280994
0.0413559
0.0278754
0.0109568
0.01121
0.0941569
0.0217335
0.0193965
0.0106612
0.065148
0.0421638
0.0174077
0.0303572
0.0254616
0.0106717
0.0499925
0.0401076
0.0295511
0.00882699
0.00932418
0.00504787
0.0107716
0.0098068
0.0587313
0.00962259
0.0161804
0.0202984
0.0149928
0.0177668
0.00482403
0.0129628
0.0461496
0.0905782
0.0127306
0.0141177
0.00925651
0.0124627
0.0169332
0.0318929
0.00769364
0.0095123
0.0117442
0.0139011
0.0309344
0.0198947
0.0454343
0.0218985
0.00839495
0.0159324
0.0184726
0.0195847
0.00495786
0.0748692
0.0118456
0.00769973
0.0355085
0.0947612
0.00962403
0.0200804
0.0842538
0.0656924
0.115241
0.0106433
0.00539823
0.0351726
0.051555
0.0295855
0.0257945
0.0201267
0.0186623
0.0261995
0.0149268
0.0501737
0.0456664
0.00918856
0.00681757
0.0117735
0.0218327
0.01137
0.0125569
0.0357676
0.0220982
0.153437
0.104672
0.0113351
0.0205179
0.030973
0.0360098
0.0552246
0.0498515
0.0763581
0.00945676
0.0581751
0.0192171
0.00715795
0.0192377
0.00905272
0.0390478
0.0667241
0.011087
0.0157957
0.0228831
0.0570552
0.0559635
0.0262941
0.00724017
0.0125549
0.0125109
0.0223359
0.00573159
0.00848376
0.0104894
0.0100719
0.0100637
0.0709799
0.0876122
0.0111471
0.01053
0.00799252
0.0473734
0.0584802
0.00258541
0.00901169
0.00754876
0.0123514
0.0180707
0.0221989
0.0589431
0.0313271
0.0200228
0.0101084
0.00760941
0.0367447
0.013807
0.0261279
0.00961053
0.0326481
0.0633763
0.036105
0.0173878
0.0107506
0.050598
0.034114
0.0171232
0.00819971
0.0123782
0.0305801
0.0263751
0.0282677
0.0302625
0.0702472
0.012057
0.0317758
0.0345537
0.126334
0.0533209
0.00909646
0.00985768
0.0537654
0.0110909
0.0105842
0.0121691
0.0158237
0.0139326
0.00914497
0.00991706
0.0295234
0.0163735
0.0159894
0.00953272
0.0108858
0.0971587
0.0497436
0.0104468
0.0525838
0.0348537
0.00980962
0.00854635
0.0102116
0.00866402
0.039477
0.0259457
0.00475984
0.0315845
0.0087682
0.0131323
0.0112899
0.0103579
0.0407317
0.0591337
0.0144551
0.0289485
0.00447006
0.012702
0.0219524
0.0106317
0.0235376
0.0593588
0.0686635
0.0342726
0.0104849
0.0135039
0.0550656
0.0251098
0.00782303
0.0290678
0.014034
0.00615196
0.0101415
0.0102083
0.00523866
0.00649469
0.00926274
0.00447382
0.00659803
0.0215078
0.013855
0.021522
0.0137316
0.021968
0.0215037
0.017815
0.00432078
0.00789993
0.00731164
0.0229577
0.0634082
0.0507756
0.0397311
0.0249987
0.0235621
0.00943321
0.00927286
0.00884646
0.0701995
0.0368885
0.0110055
0.036157
0.0352762
0.00737757
0.0074895
0.00536222
0.0095259
0.0420254
0.0111546
0.0181473
0.0107618
0.0087968
0.0124928
0.00680954
0.0566508
0.0496901
0.00776929
0.00592113
0.0441118
0.041989
0.0239657
0.0200169
0.0247616
0.0319159
0.0131468
0.0110445
0.00815299
0.0489947
0.0230095
0.0189881
0.0301231
0.0523504
0.0237444
0.0126813
0.00480108
0.00907163
0.0118454
0.0115892
0.00857632
0.0176736
0.0491273
0.00543792
0.0125508
0.0979598
0.0248589
0.0874724
0.0272913
0.0140462
0.0450396
0.0327148
0.0228051
0.00863246
0.00584792
0.0236965
0.0355527
0.0622835
0.0184829
0.00984733
0.0118793
0.0116668
0.0109914
0.00715743
0.0220282
0.0149893
0.0285227
0.0142484
0.0768862
0.0255554
0.00842042
0.0619166
0.0357863
0.0770163
0.0306339
0.039965
0.0171356
0.00640679
0.00810366
0.0101379
0.00900911
0.0524061
0.016535
0.0468016
0.0285752
0.0265549
0.0260027
0.0476534
0.0359535
0.0456671
0.015013
0.00711947
0.0155335
0.01778
0.01427
0.0249029
0.0109471
0.0588548
0.0416771
0.0463915
0.0469988
0.0275513
0.0164664
0.0696379
0.0953683
0.0228779
0.0149667
0.0459542
0.0276107
0.00784048
0.00388219
0.0477184
0.0631873
0.0189702
0.00671833
0.00488191
0.017786
0.0109033
0.0165998
0.0102867
0.00571462
0.0365597
0.0286086
0.0236947
0.0446551
0.0825769
0.048561
0.0438133
0.0152976
0.00676058
0.046887
0.0403266
0.0099178
0.0296093
0.0110926
0.0105359
0.0573351
0.018498
0.0149606
0.00999746
0.0100495
0.0186825
0.017252
0.0159688
0.00894487
0.00495488
0.0550572
0.0188054
0.00663638
0.0125216
0.0138214
0.00480944
0.0122738
0.0150395
0.0612149
0.0147088
0.0320353
0.0274109
0.017182
0.00381815
0.01515
0.0804351
0.0308925
0.0186662
0.00606254
0.0303339
0.0172508
0.028006
0.0132201
0.0122848
0.0252737
0.0123365
0.045911
0.0521583
0.0100421
0.0123883
0.0122805
0.0192483
0.0292156
0.00969469
0.0380837
0.0188512
0.0335182
0.0229335
0.0767519
0.0562849
0.0316904
0.00422234
0.0593122
0.0758103
0.0255069
0.0174278
0.0197146
0.00573979
0.00906611
0.0515094
0.0254311
0.0193279
0.00378034
0.0575922
0.0819203
0.0106676
0.0241471
0.0560079
0.00322879
0.0276934
0.0589579
0.0188057
0.0310626
0.0125127
0.00975305
0.00893684
0.0206166
0.0107054
0.010589
0.0102595
0.00737745
0.129458
0.141184
0.074345
0.00965876
0.0106053
0.00850523
0.0143823
0.00636431
0.0608348
0.00800537
0.0103499
0.00785285
0.00903734
0.00610707
0.0150519
0.0116579
0.0102135
0.0237558
0.0573136
0.0304582
0.00461151
0.0116774
0.0839334
0.0183688
0.0522069
0.0413159
0.0200257
0.00316075
0.00493205
0.041527
0.0408923
0.049279
0.0158569
0.0147111
0.0104682
0.00616555
0.0121129
0.0496686
0.0701896
0.0393127
0.00921499
0.0510749
0.0109921
0.0087386
0.00932467
0.0106599
0.0119785
0.0228858
0.0513678
0.00467356
0.00373441
0.0140935
0.0159658
0.0052394
0.0144442
0.0405916
0.0299218
0.023212
0.0637922
0.079391
0.0738158
0.0163027
0.00734944
0.0489745
0.010314
0.0126352
0.00829307
0.0192613
0.0247009
0.0577153
0.0546724
0.0110761
0.0151967
0.0101233
0.0239891
0.031302
0.0145613
0.0695219
0.013554
0.0254457
0.0157801
0.0113842
0.0149938
0.00675553
0.045701
0.0140655
0.00867942
0.00477118
0.00536404
0.0162266
0.0112511
0.00777548
0.0394593
0.0257274
0.0612319
0.0583211
0.00960161
0.0346861
0.0181244
0.0108579
0.00305668
0.0556811
0.0466358
0.0554398
0.00553375
0.00955779
0.0494088
0.0363705
0.0300467
0.00421268
0.0077508
0.0494789
0.040724
0.0646977
0.0282453
0.0118691
0.0371975
0.0370269
0.00995791
0.0344804
0.0137234
0.00677015
0.00176355
0.00474786
0.00663134
0.00600438
0.0161739
0.0472574
0.0246174
0.0287169
0.00295648
0.0168015
0.00321862
0.0259224
0.0379268
0.0113307
0.0513587
0.0244388
0.00610069
0.0827659
0.00994353
0.0174515
0.00288074
0.00813628
0.0289601
0.0112173
0.00668176
0.0457967
0.00788359
0.0109039
0.0103018
0.122912
0.0820807
0.0174286
0.0175889
0.0100986
0.0060511
0.0656657
0.0268808
0.0330197
0.0268616
0.0239513
0.00891879
0.00457136
0.0240929
0.0285984
0.00984258
0.01811
0.00637333
0.0105774
0.0301995
0.0304704
0.0190975
0.0334588
0.0326183
0.00977643
0.0643212
0.00618429
0.0508568
0.00760585
0.0301954
0.0246087
0.0274132
0.0738157
0.0490192
0.018103
0.0112462
0.00694905
0.0584729
0.00423441
0.0363758
0.0273572
0.00498356
0.0165399
0.0393552
0.0391569
0.0164259
0.0123548
0.0838676
0.0218531
0.0557533
0.0364018
0.0111437
0.0140552
0.0118121
0.0288892
0.0112368
0.01002
0.0656405
0.0639761
0.0159157
0.0117558
0.00610173
0.0113033
0.00812865
0.0468881
0.0195856
0.0072714
0.00448942
0.00582725
0.0286488
0.00771543
0.00742199
0.00514911
0.0744052
0.0201336
0.0208039
0.0114409
0.0186404
0.00831991
0.0102345
0.00831618
0.0128729
0.054471
0.0686147
0.000730851
0.00531549
0.00620517
0.00661389
0.0303045
0.0514327
0.00968168
0.00927458
0.00859115
0.0118943
0.00706196
0.011126
0.019438
0.0314129
0.0383944
0.0202824
0.0104423
0.0069726
0.00543357
0.00558297
0.0274953
0.0129192
0.00385765
0.0121907
0.0304335
0.00730444
0.0252818
0.0390588
0.0146931
0.00632666
0.0119703
0.0113925
0.00539975
0.0106848
0.042796
0.0369582
0.0169115
0.0117452
0.0240299
0.0706826
0.0403323
0.0171674
0.00413276
0.00760019
0.0286155
0.0117346
0.00843083
0.103995
0.0543485
0.0168476
0.0391527
0.00393781
0.0186227
0.052278
0.0273787
0.0652069
0.0336229
0.00721275
0.0328637
0.010591
0.0443876
0.00998991
0.0412494
0.0397843
0.0131038
0.0127484
0.0398631
0.0198593
0.00663506
0.00967248
0.010874
0.0255019
0.0160776
0.0691948
0.0744093
0.0236853
0.00680245
0.00661275
0.00680533
0.0103734
0.0301889
0.0115013
0.0127663
0.0332503
0.0180661
0.0154739
0.0376108
0.0250133
0.0786908
0.0520221
0.00635946
0.00863371
0.0168626
0.0257884
0.0644545
0.0713134
0.0102608
0.0896545
0.148645
0.041334
0.00706229
0.0211932
0.0623336
0.0288453
0.0369066
0.015725
0.00976752
0.0297901
0.0137496
0.0181169
0.0252529
0.00567643
0.00725106
0.00645304
0.0108804
0.0500477
0.0180127
0.00566597
0.00709073
0.0188827
0.014956
0.00414107
0.00943692
0.0245028
0.0694534
0.0410288
0.0335205
0.0126224
0.0191604
0.00425727
0.0250009
0.00861635
0.0468821
0.0215839
0.00750928
0.0118541
0.0502623
0.0281293
0.0152908
0.0211192
0.0312527
0.0146867
0.0678014
0.0104636
0.0101577
0.0328992
0.0143113
0.0126342
0.0230521
0.0107607
0.0648366
0.0312554
0.0205896
0.00791939
0.0451033
0.00708281
0.031042
0.0298627
0.0150233
0.01716
0.0995765
0.0158862
0.0356816
0.077353
0.0641744
0.00943133
0.0377038
0.0260079
0.0221959
0.0109791
0.0112579
0.00762344
0.0559235
0.0534235
0.022407
0.0196329
0.00327984
0.0108079
0.0391444
0.0308124
0.0115161
0.012501
0.0237884
0.0128654
0.0164646
0.018345
0.0160707
0.00510532
0.00527391
0.0296146
0.0105548
0.0101805
0.0513294
0.0368218
0.0281558
0.0127567
0.0390917
0.0353315
0.0306818
0.0768888
0.023131
0.0443399
0.0168039
0.0264008
0.0410176
0.0160383
0.00420366
0.0159072
0.013128
0.0250108
0.0590069
0.0372754
0.0127992
0.0144195
0.00703824
0.0262814
0.0243808
0.12646
0.0909661
0.0371216
0.0398802
0.0185887
0.00868795
0.00884088
0.00402449
0.00795513
0.0126987
0.0268656
0.0306366
0.0194325
0.0205601
0.0148718
0.024929
0.0175015
0.0798417
0.0340626
0.0114467
0.00654033
0.0263329
0.0241746
0.0492723
0.0259536
0.0221391
0.00827075
0.00817204
0.0114992
0.0235386
0.0391187
0.0659663
0.0130634
0.0619686
0.0194816
0.0056603
0.0085123
0.0171681
0.0113743
0.00767659
0.0130165
0.0409742
0.0226589
0.00922984
0.0344026
0.037312
0.0164946
0.0233584
0.00458565
0.0316544
0.0288048
0.0246249
0.0220474
0.00895194
0.00400831
0.00600052
0.0110761
0.0129177
0.0110579
0.00889472
0.0180395
0.0232857
0.00529931
0.0080836
0.0097052
0.0198404
0.0103112
0.00820441
0.0332724
0.0170651
0.00831148
0.00814692
0.00828204
0.036491
0.00467862
0.0220839
0.017419
0.0212572
0.0231075
0.0503636
0.0116008
0.00376496
0.00604099
0.00546656
0.0920179
0.0783599
0.00308042
0.010351
0.0148018
0.0115514
0.00775107
0.0609511
0.0388509
0.00577112
0.035534
0.00359099
0.0152107
0.020675
0.0189321
0.00872178
0.00516601
0.00812505
0.0212002
0.0326197
0.0119509
0.038252
0.00926116
0.00921392
0.0201035
0.0353434
0.0225814
0.00594798
0.0297055
0.0793419
0.0198192
0.0576138
0.0264551
0.0520896
0.00891486
0.00865585
0.0468382
0.0250408
0.0636158
0.0439309
0.0184798
0.00718689
0.00977909
0.00579747
0.00502404
0.0477943
0.0580547
0.0107625
0.0477309
0.0251794
0.0243962
0.00831617
0.00838423
0.00420103
0.00578138
0.0323826
0.0104741
0.00741173
0.0456598
0.0447025
0.0148575
0.00757212
0.0504241
0.0395683
0.00956006
0.00795623
0.0323273
0.046625
0.0100979
0.00560912
0.00981948
0.0645731
0.0226133
0.0455536
0.0121562
0.0192427
0.00785964
0.0178128
0.0221648
0.0182804
0.0113213
0.035963
0.0127107
0.0128086
0.0104594
0.0307129
0.0100189
0.0164453
0.00864982
0.00698839
0.00660819
0.00472792
0.0379579
0.0586839
0.0084502
0.0190853
0.00462722
0.00983647
0.0068399
0.00990955
0.00878283
0.0243117
0.0112848
0.080715
0.0309069
0.0248574
0.0225274
0.0272166
0.00548273
0.0149885
0.0197181
0.00997006
0.0473739
0.0174718
0.00464147
0.00396059
0.0912701
0.0551359
0.0113504
0.00726423
0.0206025
0.00416813
0.00832316
0.00482465
0.00838337
0.0146225
0.00988989
0.00500129
0.0111044
0.0307891
0.0391879
0.0116491
0.0111548
0.0079389
0.00630509
0.00765915
0.00472908
0.0121344
0.0177913
0.0277692
0.00526858
0.0123686
0.0175572
0.0346185
0.0190618
0.00992136
0.00738419
0.0524877
0.0262329
0.0127042
0.00328746
0.00789076
0.045453
0.0465319
0.0111127
0.0532065
0.0146137
0.0970725
0.0794849
0.0628709
0.0291442
0.00592252
0.00473695
0.0287342
0.0388132
0.0343159
0.0170615
0.00625389
0.0206213
0.0416158
0.0343658
0.0480158
0.0637253
0.00299397
0.0239626
0.0209899
0.0252879
0.0158917
0.00797469
0.0096492
0.00776368
0.0161206
0.0180615
0.0461271
0.00898117
0.0197088
0.0174758
0.0113658
0.0100787
0.00871874
0.0226939
0.013671
0.0356211
0.00483576
0.0068425
0.0519537
0.00279159
0.0202494
0.00643629
0.0064898
0.0196036
0.00716887
0.00828167
0.00289306
0.0155198
0.144361
0.0291519
0.06429
0.0104547
0.0115489
0.0133548
0.00610152
0.0329105
0.0128735
0.0151597
0.00744082
0.0240974
0.0196258
0.017725
0.04264
0.0201284
0.00946145
0.00902165
0.00871895
0.0123325
0.00472386
0.00563041
0.038184
0.0270219
0.00773882
0.00592727
0.0544824
0.0425585
0.00838056
0.00994186
0.00889354
0.0112966
0.0040243
0.00835914
0.00581442
0.0243458
0.0147682
0.00506824
0.0336372
0.011119
0.0210518
0.0279354
0.0260573
0.00288614
0.0104326
0.0619239
0.00756498
0.00833799
0.0143358
0.00968092
0.00296132
0.00627056
0.0101252
0.00445423
0.0294139
0.0136844
0.0038869
0.0124539
0.00451786
0.00780775
0.00763043
0.0050862
0.0823068
0.0374875
0.00761281
0.0216495
0.038332
0.0136638
0.0412773
0.00681951
0.0141206
0.0128191
0.00505286
0.0646812
0.0385448
0.00427404
0.0562258
0.0567589
0.0576312
0.00883129
0.00400146
0.00444784
0.0156114
0.00956245
0.00695977
0.00775358
0.0729667
0.0727906
0.0435809
0.0276495
0.00940468
0.00510843
0.00782825
0.00651555
0.0923025
0.0860531
0.00568812
0.00638356
0.00724545
0.0442064
0.0300545
0.0432621
0.0232919
0.0101365
0.0633165
0.0346078
0.00575076
0.0239923
0.0307467
0.0219389
0.00393065
0.0206547
0.0365752
0.0856155
0.0163421
0.0167063
0.0128686
0.00402698
0.032666
0.0221272
0.0124435
0.0569269
0.0131592
0.0197581
0.0121557
0.0170335
0.0419662
0.0422905
0.02204
0.0219017
0.0120724
0.0256033
0.00776676
0.00318655
0.0122946
0.0506331
0.0106661
0.00909086
0.00509832
0.00555344
0.0227142
0.0111376
0.00792014
0.0117163
0.00621881
0.00562812
0.0264112
0.0144284
0.0131346
0.00745384
0.0106272
0.0681606
0.015321
0.034914
0.0161743
0.037324
0.0156617
0.0122717
0.00489061
0.0191624
0.00960413
0.00653189
0.00855857
0.00434483
0.0511533
0.0545269
0.0570961
0.0163255
0.00536524
0.0107014
0.00981836
0.00613427
0.0102584
0.0046708
0.00501037
0.045413
0.0398803
0.0076686
0.0102304
0.0307637
0.0300361
0.061517
0.00842715
0.0169011
0.0226812
0.0222969
0.0458625
0.0183511
0.00785667
0.0119252
0.0152924
0.0442895
0.0903969
0.149535
0.0673982
0.0119728
0.00719301
0.0155118
0.0201145
0.00681873
0.00801463
0.0459248
0.00487428
0.0172671
0.0334712
0.0294897
0.0458974
0.0193584
0.00745783
0.038074
0.0377295
0.0297528
0.0565841
0.0171448
0.0156873
0.0465373
0.0144682
0.0337269
0.0128647
0.0121181
0.025115
0.00499119
0.0328492
0.0132175
0.00700091
0.0169635
0.0153035
0.0109667
0.00231367
0.0153084
0.00382253
0.0125618
0.0087392
0.0510259
0.042905
0.0130171
0.0109221
0.020006
0.00835534
0.00878365
0.0222534
0.0205477
0.0312486
0.00825219
0.00479704
0.0312955
0.010545
0.0469346
0.00951371
0.0189737
0.0100588
0.022624
0.0375822
0.0283633
0.0857635
0.0187304
0.0277349
0.00575866
0.0109666
0.0079835
0.0353181
0.00859459
0.0112074
0.00944039
0.00710711
0.0172205
0.00858916
0.0107758
0.00882994
0.0683437
0.0624119
0.112479
0.0596961
0.00505433
0.00778024
0.0203328
0.0280754
0.00511297
0.0109231
0.0445997
0.0250721
0.015063
0.0884684
0.0715574
0.0113245
0.0350453
0.0115271
0.0126187
0.00553748
0.0431053
0.0389087
0.00313908
0.0185907
0.0124991
0.0130944
0.0113047
0.00950857
0.0198715
0.00355237
0.0225584
0.00640834
0.00770149
0.0955476
0.0565181
0.0151308
0.00950118
0.00476139
0.00757464
0.00981208
0.024723
0.0439839
0.0144885
0.0377123
0.00732616
0.0209828
0.0237631
0.0139797
0.00599148
0.00484295
0.0130091
0.0408202
0.016034
0.0225635
0.00152536
0.0133677
0.00924481
0.023611
0.0133042
0.00351465
0.0401491
0.0306937
0.0366067
0.0109088
0.0256223
0.0102261
0.0477999
0.0215337
0.013757
0.0287925
0.0337288
0.0099921
0.00522929
0.0732299
0.0221565
0.0108329
0.00483008
0.0337506
0.0162721
0.0110269
0.00536333
0.0365189
0.06709
0.0300896
0.0178208
0.0108589
0.0416423
0.0242283
0.0202627
0.0459991
0.00780223
0.0106908
0.0432889
0.0247505
0.041705
0.0541937
0.0106958
0.00487361
0.00664948
0.0498836
0.0496482
0.0137157
0.0478338
0.0297729
0.0201701
0.0207392
0.00777665
0.0182672
0.0341652
0.030949
0.00326869
0.0127015
0.00812965
0.0347687
0.041436
0.0290568
0.0117669
0.00463019
0.00753512
0.0103334
0.00801331
0.025955
0.00443369
0.0340228
0.00861315
0.00773368
0.0180175
0.00397129
0.00985459
0.0441084
0.0114073
0.00433723
0.0218104
0.00539461
0.00770564
0.0092954
0.00551533
0.0482653
0.0315602
0.00767029
0.00909708
0.00610249
0.0119926
0.0115218
0.0120893
0.00370869
0.0278061
0.0156602
0.0187194
0.0282992
0.0075686
0.0131449
0.0145952
0.0149427
0.00503622
0.00885537
0.00838937
0.00792251
0.0448478
0.00934124
0.00413571
0.0388001
0.0179062
0.0136421
0.00981347
0.0149491
0.0024265
0.00426444
0.00986989
0.0245729
0.0128588
0.0139267
0.0183207
0.015738
0.012591
0.0199494
0.00715704
0.0337432
0.0206934
0.014153
0.00796465
0.0157049
0.0201176
0.0083746
0.0093881
0.00773096
0.00782343
0.00438165
0.00587214
0.00508112
0.00568377
0.0189745
0.0434005
0.00773314
0.00533992
0.00841361
0.00485101
0.0105674
0.0590923
0.0123889
0.0290209
0.00599294
0.0320072
0.0536856
0.00970359
0.026613
0.023208
0.0352472
0.0267808
0.010325
0.00337928
0.010759
0.00462187
0.00342083
0.00613363
0.00810104
0.0267911
0.0118757
0.00549069
0.0115691
0.00669598
0.0174585
0.00750188
0.0111983
0.00468794
0.00492526
0.00953852
0.0485727
0.0241524
0.00737669
0.00548666
0.0112362
0.0067994
0.031791
0.0330776
0.0226448
0.00483484
0.00875394
0.0220768
0.0229733
0.0231348
0.0150887
0.00485642
0.00361078
0.093659
0.0708501
0.0044508
0.00929982
0.00542463
0.00509619
0.0512594
0.0208327
0.00556421
0.0141621
0.0352351
0.0229795
0.0495997
0.0118171
0.00913558
0.0485738
0.0258786
0.0100764
0.00438008
0.0035516
0.0120537
0.00892127
0.00907522
0.00438464
0.0035099
0.00474991
0.0114389
0.0354825
0.0432793
0.0217226
0.00817919
0.005694
0.0219681
0.051288
0.0177831
0.0126748
0.0111003
0.0168635
0.0298697
0.0470986
0.0412578
0.044885
0.0208608
0.0108718
0.0026125
0.0457103
0.0143484
0.0429593
0.0129974
0.0129228
0.00436352
0.0189178
0.0178256
0.0062245
0.0611664
0.0150762
0.0180973
0.0028455
0.00437563
0.0057896
0.0088678
0.0148589
0.0182029
0.0119142
0.0173572
0.0303075
0.0101598
0.00619105
0.0111408
0.0289202
0.00297752
0.0134243
0.0105792
0.00654674
0.00970003
0.00487504
0.00701549
0.00465847
0.00438107
0.00505605
0.00589686
0.0456666
0.0134025
0.00651783
0.0137201
0.0155973
0.00630682
0.00675764
0.0198028
0.0156316
0.0271454
0.00797348
0.0271654
0.0354649
0.00869153
0.0479083
0.0146921
0.0301482
0.0281558
0.0206518
0.0161086
0.00642227
0.0493409
0.0213322
0.0462282
0.070787
0.0079358
0.0267652
0.00960019
0.0200628
0.0138289
0.010013
0.0360719
0.0237763
0.0119867
0.00572255
0.0169256
0.0112379
0.0114637
0.0101531
0.0168838
0.0373726
0.0557488
0.0211098
0.00763311
0.0194728
0.00591886
0.00794445
0.0147431
0.0407852
0.00280762
0.0279857
0.00817827
0.0335369
0.055205
0.0437286
0.0152908
0.00797405
0.00664757
0.0103348
0.00380329
0.0138502
0.0133087
0.01207
0.0391025
0.0176868
0.00770383
0.00202071
0.0125737
0.00514795
0.00171783
0.0418551
0.0398282
0.00803518
0.0418086
0.0537681
0.0254294
0.00590349
0.0187405
0.0156696
0.00702627
0.00804272
0.00760125
0.0041477
0.0436562
0.0232602
0.0111544
0.00347875
0.0169553
0.00820702
0.00650877
0.00949118
0.0150952
0.014479
0.00471295
0.021339
0.0106229
0.03454
0.0193483
0.0162371
0.0255897
0.0625268
0.0189153
0.00590273
0.00305709
0.0226857
0.0134126
0.0056222
0.00448506
0.0100818
0.00831216
0.00636785
0.0226164
0.0380436
0.0270637
0.0114428
0.00613435
0.0053751
0.0479855
0.00305908
0.00219826
0.0184259
0.0085359
0.00911502
0.00655539
0.0417088
0.037206
0.00771861
0.0463445
0.055374
0.0806308
0.0398722
0.0195273
0.00981868
0.0323849
0.0182626
0.0514263
0.0144562
0.0255073
0.0194913
0.00980789
0.0138889
0.00695275
0.00508125
0.00567247
0.0118282
0.00642375
0.0110464
0.0107128
0.00619201
0.00988157
0.00472152
0.00936076
0.0795192
0.0398603
0.0178326
0.0565234
0.042461
0.0238961
0.0128154
0.0194765
0.00429048
0.0709102
0.0796084
0.136084
0.075492
0.00330891
0.0587652
0.0632212
0.0203401
0.00954856
0.00393823
0.00372158
0.0075396
0.00699555
0.00733755
0.0211895
0.0235767
0.00621725
0.0265912
0.0188937
0.00804143
0.022144
0.0129232
0.0200446
0.0341966
0.0237461
0.00587293
0.034725
0.010264
0.00691958
0.00779209
0.00613694
0.0100775
0.0138927
0.0187113
0.00795218
0.01573
0.011628
0.0390716
0.00804748
0.0367439
0.0351009
0.0138785
0.0187453
0.023719
0.0639442
0.0241315
0.0262788
0.0040007
0.0150302
0.0123421
0.00520952
0.0149432
0.00934058
0.00492772
0.0105331
0.0144413
0.0695659
0.0392642
0.00366817
0.00775693
0.00539029
0.026027
0.0349795
0.0139332
0.0185724
0.00432178
0.00753735
0.0133719
0.00991889
0.0077662
0.00586312
0.00630168
0.00314456
0.0234566
0.043605
0.0082123
0.0132833
0.00577214
0.0268412
0.0232217
0.0935885
0.02992
0.0201897
0.00533294
0.00796619
0.0147199
0.00596916
0.0377597
0.010895
0.0732683
0.012962
0.00524805
0.0242694
0.0112417
0.0239851
0.0428892
0.0255436
0.0138597
0.0054904
0.0055744
0.0109007
0.00843045
0.00541942
0.0413819
0.0213032
0.00762243
0.0189154
0.00286561
0.0183371
0.0451144
0.0239405
0.00802053
0.0211543
0.00667301
0.0331824
0.0158317
0.0307462
0.0274697
0.0052249
0.0119261
0.0456313
0.00852834
0.0164367
0.0119218
0.00504604
0.00780702
0.012197
0.04055
0.0342933
0.0172127
0.0426401
0.0326391
0.0193232
0.0322095
0.00244784
0.00540464
0.00451422
0.00593058
0.0177858
0.00389805
0.0413851
0.0366666
0.00758977
0.0150945
0.00503505
0.0191394
0.0210711
0.0126173
0.0479517
0.0123509
0.0133912
0.0561769
0.0256232
0.0229871
0.0366401
0.00760844
0.00659106
0.00430355
0.00857682
0.0136343
0.0493398
0.0327483
0.0173529
0.0148705
0.00585541
0.0440726
0.0344879
0.0298551
0.00914314
0.0121067
0.00399173
0.00236051
0.0537016
0.0285423
0.0240288
0.057844
0.0452482
0.0426688
0.0334318
0.00599703
0.0132848
0.0739975
0.00201283
0.044572
0.0149511
0.005708
0.0144442
0.0363364
0.0341365
0.0510216
0.00864882
0.00870343
0.0174893
0.00142685
0.0252935
0.0419173
0.00550787
0.00726292
0.00970092
0.0050695
0.0174008
0.00628875
0.018001
0.00827538
0.0148138
0.019529
0.02756
0.0293488
0.0265152
0.027755
0.0492953
0.0759096
0.0124945
0.0496164
0.0125109
0.0100203
0.00650604
0.00842175
0.00923823
0.00849693
0.0114599
0.0158677
0.0277108
0.03471
0.00653155
0.0107412
0.0316684
0.0388582
0.0334657
0.0141744
0.0206065
0.020171
0.060565
0.0153083
0.0272984
0.00764692
0.0122078
0.0372729
0.0125095
0.0307375
0.0162379
0.0153164
0.0101152
0.00415781
0.0553642
0.0583807
0.0231549
0.00640246
0.01479
0.01482
0.0466271
0.024333
0.00566564
0.00616652
0.00787346
0.00621524
0.00333186
0.00935713
0.00504635
0.00323553
0.00658501
0.0143149
0.0164119
0.0440125
0.018068
0.00681727
0.0213733
0.0294456
0.0219619
0.0319
0.0188724
0.0052099
0.0217424
0.0161181
0.0158691
0.043679
0.0153147
0.00620946
0.00569379
0.0282201
0.0121871
0.00812867
0.00923053
0.0120212
0.00643896
0.00298889
0.012606
0.00870783
0.0127394
0.0035119
0.00779032
0.00554218
0.00372559
0.0529523
0.0287954
0.00299769
0.014107
0.0127021
0.0104511
0.0171791
0.0175327
0.00746647
0.00730026
0.00752071
0.0193319
0.0108591
0.0250606
0.00929592
0.00567853
0.00577649
0.00994877
0.0032079
0.0492193
0.0528695
0.0111999
0.038518
0.0235025
0.0530515
0.0746768
0.0732593
0.0425134
0.0113077
0.0145335
0.0109201
0.00867471
0.0536182
0.0161254
0.0168097
0.0116878
0.00856072
0.0334197
0.00678254
0.0150685
0.00991911
0.00236708
0.00736085
0.00888926
0.00912221
0.0346645
0.0253394
0.0173168
0.0165664
0.0221893
0.00696576
0.00708333
0.017726
0.0263269
0.0396918
0.0721143
0.0215036
0.0109254
0.0071387
0.00674077
0.00421059
0.00519764
0.00737296
0.0132195
0.0154222
0.00760511
0.008907
0.0227988
0.0265303
0.0234899
0.00873303
0.0295614
0.03252
0.00768849
0.00337554
0.00622024
0.00560348
0.00298522
0.00702214
0.0071928
0.0088881
0.0191058
0.0148396
0.0562542
0.0145054
0.00751819
0.0037236
0.0109497
0.00258036
0.00876268
0.00744077
0.00729115
0.00354375
0.00565932
0.0548275
0.0362001
0.0179634
0.010677
0.0147401
0.00697016
0.00382163
0.00871562
0.00815664
0.0398629
0.0305213
0.132988
0.0841098
0.0674089
0.0345216
0.00524391
0.00808854
0.00136452
0.0292045
0.0091513
0.00730678
0.00709094
0.00190506
0.0275943
0.0180532
0.0126486
0.00484034
0.00663496
0.0142317
0.00809413
0.00731941
0.0545418
0.0211675
0.0109017
0.00914774
0.0297451
0.0390933
0.0437815
0.0477244
0.0030098
0.0370543
0.0074977
0.0140283
0.0104843
0.0306282
0.0475219
0.00379314
0.0608541
0.0285275
0.0534534
0.0125341
0.0158003
0.0401802
0.0272514
0.0098859
0.00682797
0.0293153
0.0105111
0.00603136
0.00456629
0.00672036
0.00679519
0.0067343
0.0121448
0.00501446
0.00810718
0.0073344
0.00739261
0.00624645
0.00896765
0.0219267
0.0254351
0.0126272
0.0245456
0.0444794
0.0025332
0.0271279
0.0272514
0.0382766
0.0130722
0.0317164
0.0210443
0.0181661
0.0401104
0.0541884
0.00798446
0.0071483
0.00611961
0.0640317
0.0343629
0.0362976
0.00779434
0.0407178
0.0125098
0.00821113
0.00426968
0.00258637
0.025154
0.00939382
0.0310206
0.0384027
0.0156316
0.00396354
0.00386679
0.00823076
0.00294678
0.00655839
0.0122957
0.0527412
0.0238343
0.0113526
0.00740499
0.00845911
0.0135047
0.00878108
0.044506
0.0371522
0.0146124
0.00666774
0.0049273
0.00619686
0.0083512
0.0478148
0.010402
0.0132535
0.0463269
0.00814906
0.0203491
0.0126759
0.0317754
0.0344588
0.00664667
0.0141373
0.00898639
0.0145295
0.0237348
0.0064163
0.0241382
0.00877252
0.0116189
0.0174034
0.0065432
0.0484143
0.0511564
0.0119459
0.00777064
0.00374814
0.00729508
0.0105774
0.00946506
0.0283072
0.0130615
0.0141916
0.0135657
0.00535726
0.0468196
0.0169652
0.00489141
0.00553772
0.0250789
0.0200137
0.00808756
0.0052211
0.0437627
0.0159596
0.0300507
0.00662804
0.0124631
0.00676686
0.0337949
0.0176614
0.00333222
0.00895486
0.00578981
0.0157012
0.00611299
0.00840479
0.00843222
0.0198276
0.0111225
0.00713777
0.00591811
0.029956
0.0117956
0.00491013
0.0238348
0.00715011
0.00884868
0.0244705
0.0334684
0.0135524
0.0101854
0.0316396
0.021476
0.0133692
0.00335927
0.006951
0.00573177
0.0323392
0.0279375
0.0079104
0.00715142
0.0117003
0.0055469
0.0087922
0.00865762
0.00692028
0.00762362
0.011652
0.00755382
0.0519746
0.0537274
0.048976
0.0370043
0.00572119
0.0063992
0.00665482
0.00477329
0.0103032
0.0125569
0.0234732
0.0115266
0.0023907
0.0166896
0.0184963
0.00512569
0.0144653
0.00713344
0.00333106
0.00490248
0.00385206
0.00546803
0.00615085
0.0625863
0.0132758
0.0328077
0.00272673
0.00564518
0.0790097
0.0479396
0.0343422
0.00202107
0.0106002
0.00894213
0.00532038
0.00657149
0.0174022
0.00719168
0.0066126
0.00514581
0.00902912
0.0414781
0.0355006
0.0261905
0.00982561
0.0929881
0.088822
0.00946963
0.00634635
0.00613703
0.0115562
0.00750776
0.0122232
0.0196766
0.0419408
0.00706187
0.0122338
0.0372607
0.025987
0.00474631
0.00860845
0.00354227
0.00728766
0.00513858
0.0106527
0.0124042
0.00610255
0.0568196
0.0253748
0.00611402
0.00607355
0.0487476
0.0135187
0.00189055
0.00467861
0.00653477
0.0506909
0.0442253
0.00635117
0.0190339
0.0221876
0.00917403
0.00778496
0.00507506
0.00614524
0.00892377
0.00595729
0.00953642
0.0157083
0.00736254
0.00978149
0.0778355
0.0140181
0.0192116
0.0236362
0.0253319
0.00521364
0.0156955
0.0116359
0.015009
0.00584617
0.0199293
0.0252319
0.0434397
0.00712825
0.00597668
0.00550183
0.0106219
0.0353759
0.017236
0.00727487
0.00386528
0.00514783
0.0426175
0.0179673
0.0164512
0.00587387
0.0366188
0.0184511
0.0128395
0.00635482
0.014573
0.00158187
0.0106532
0.0116899
0.0163147
0.00735626
0.0068464
0.00666305
0.00518403
0.021741
0.0177287
0.0110032
0.00648986
0.00557233
0.0576537
0.0319776
0.0348824
0.046191
0.052106
0.0101359
0.00706361
0.0540609
0.0313707
0.016239
0.00847886
0.0276447
0.00175639
0.0200896
0.00775912
0.00483568
0.00922004
0.0118342
0.00955881
0.00994557
0.00598136
0.00815589
0.00794764
0.0216805
0.0348557
0.0135771
0.00817053
0.00712146
0.00516614
0.00640054
0.0469014
0.0421505
0.0254665
0.00845974
0.0636736
0.0483585
0.0525754
0.0166654
0.0095972
0.00329701
0.00555536
0.00183441
0.0829303
0.0340097
0.0145696
0.0097078
0.00670384
0.0248504
0.0170591
0.0156172
0.00582706
0.00332292
0.025473
0.0241003
0.0299679
0.0126571
0.00703624
0.00513492
0.0333174
0.0177966
0.0160829
0.0195893
0.0264636
0.0126244
0.00586709
0.0674607
0.0263105
0.00789764
0.0420534
0.00105006
0.0130215
0.00517397
0.0402344
0.0192825
0.00788932
0.00511359
0.00589387
0.00574564
0.00873677
0.0103869
0.0123144
0.00821
0.0277768
0.0152487
0.00564351
0.0236535
0.0510119
0.00925905
0.0244778
0.0166558
0.00759714
0.0343945
0.0232424
0.0422764
0.0495041
0.00314898
0.00346798
0.013307
0.0264684
0.0119137
0.038082
0.00217106
0.0111099
0.00742737
0.0067349
0.0246398
0.0104054
0.0071319
0.0318644
0.0167069
0.0116631
0.0160094
0.0055577
0.0376866
0.0173533
0.0224793
0.0026407
0.0069369
0.0418641
0.0339068
0.00720753
0.0127142
0.00254837
0.00942763
0.00541342
0.00258049
0.0235868
0.0316184
0.0228368
0.011885
0.00204771
0.0322785
0.0143938
0.00404029
0.0179508
0.0160092
0.0173191
0.0478989
0.0202293
0.0485962
0.0051353
0.0300311
0.0488037
0.0227981
0.00775879
0.00777738
0.00391209
0.0295666
0.0192007
0.0143944
0.00728716
0.0230005
0.0380469
0.0177724
0.00861469
0.0107748
0.0100923
0.00354343
0.00827812
0.00991511
0.0131235
0.00558716
0.00559229
0.00911682
0.00643515
0.00886619
0.0482093
0.0557404
0.084541
0.0472843
0.024007
0.0076559
0.0299289
0.0262004
0.0302458
0.0105231
0.00830416
0.00711471
0.00503732
0.00687295
0.0059029
0.00682424
0.0182254
0.00685248
0.00420218
0.033889
0.0099503
0.00938136
0.0291329
0.0189022
0.0188683
0.0138779
0.0136719
0.00526508
0.0190344
0.0152888
0.00378186
0.0726206
0.00841779
0.0147372
0.0184937
0.00253583
0.0193536
0.0084155
0.0115153
0.0074921
0.0130919
0.0102787
0.00662968
0.00247
0.00754831
0.0271302
0.0150975
0.021392
0.00631517
0.0071289
0.00712177
0.011777
0.00500456
0.0225855
0.00533519
0.00481901
0.0426072
0.0213485
0.0192873
0.0392605
0.0222789
0.0239151
0.00786889
0.00574865
0.0140242
0.015021
0.0164096
0.0262462
0.036073
0.0089132
0.00589881
0.00879007
0.00480621
0.0127513
0.00952143
0.00647769
0.0137275
0.0418502
0.0447086
0.0372365
0.0217004
0.00680946
0.00659216
0.0237748
0.00857498
0.00794749
0.0187892
0.00510673
0.00784043
0.00661663
0.0077047
0.00861414
0.00733492
0.00556129
0.00396417
0.0129768
0.00468185
0.00675129
0.00667495
0.00479086
0.00712065
0.0608974
0.0353929
0.035117
0.00425128
0.00903772
0.00523177
0.0106443
0.0248759
0.00758777
0.042845
0.0145442
0.016202
0.0124733
0.0182764
0.00650514
0.00871903
0.00674905
0.0222174
0.00719751
0.00510091
0.0163381
0.009807
0.00929129
0.00696433
0.00662145
0.00899809
0.00524278
0.00405283
0.00684522
0.0175613
0.0129076
0.0166644
0.00567999
0.00419358
0.0556216
0.0382467
0.0325693
0.0148317
0.0165975
0.0092298
0.023792
0.012064
0.00315768
0.00810004
0.0142565
0.00776011
0.0386997
0.0345774
0.00956311
0.00897607
0.00580196
0.0232552
0.0119054
0.00839743
0.114584
0.0986704
0.00431118
0.00960548
0.00787461
0.00745259
0.0164892
0.00834617
0.00914633
0.0301922
0.0131258
0.00605872
0.00675213
0.00493106
0.0305915
0.00852139
0.0295257
0.0309691
0.00417163
0.0154783
0.0109756
0.0267838
0.0235539
0.00274049
0.0026739
0.060008
0.00970441
0.0136751
0.017042
0.00614742
0.0176049
0.0188761
0.0229763
0.011441
0.024029
0.0458919
0.0104686
0.0270033
0.0110871
0.0113563
0.00374638
0.012395
0.0333581
0.0166984
0.027211
0.0260236
0.0282775
0.00895868
0.0164389
0.0358458
0.026004
0.00455418
0.0292507
0.0216148
0.00670375
0.00832849
0.0307239
0.0135564
0.00665903
0.00481239
0.0271976
0.0121113
0.00761401
0.00450526
0.00584738
0.0127104
0.00522301
0.0177384
0.00933656
0.00809359
0.00795826
0.0224217
0.0189088
0.0178421
0.0173596
0.0523102
0.0118832
0.00490775
0.00360688
0.0317845
0.00459867
0.0183523
0.046142
0.0214568
0.00731101
0.0210637
0.0079244
0.0131116
0.00788272
0.011973
0.00682649
0.0267713
0.0128594
0.00786989
0.00657852
0.035669
0.0249744
0.00684267
0.032143
0.0172996
0.033871
0.00547638
0.0103773
0.00825107
0.0101129
0.0027055
0.0362821
0.0809723
0.0747664
0.0484493
0.0103461
0.0409494
0.0283559
0.00969589
0.0205238
0.0125167
0.0202855
0.00929471
0.00610876
0.012708
0.00419888
0.0113013
0.0204429
0.006163
0.0459587
0.00230496
0.00564913
0.0127261
0.0107256
0.0102746
0.00310991
0.00777638
0.0216455
0.00727116
0.020352
0.0103453
0.0269246
0.00495763
0.00250607
0.00507675
0.00861359
0.0631141
0.00988727
0.00908349
0.00591942
0.00619588
0.030678
0.021801
0.00600954
0.0100408
0.0117219
0.0612344
0.0224944
0.00973599
0.00939861
0.0164984
0.00127686
0.0479057
0.0251902
0.0422427
0.049947
0.0182165
0.011417
0.00836386
0.0250083
0.014719
0.00595414
0.00196473
0.0050186
0.0201527
0.0122821
0.00300089
0.0116861
0.0102397
0.0116716
0.00643838
0.032151
0.0150325
0.0131669
0.0485876
0.0512832
0.0166921
0.0321073
0.107346
0.106934
0.0144618
0.0169048
0.00873518
0.0394256
0.012384
0.0112273
0.0101748
0.00851246
0.0248433
0.00194448
0.0216576
0.037466
0.0286285
0.0085132
0.0161022
0.00662142
0.00621094
0.00747632
0.00772895
0.00885823
0.0228017
0.0516162
0.00884341
0.0412378
0.00483333
0.0207343
0.024788
0.0038414
0.00949539
0.0263839
0.0159039
0.00626195
0.00503503
0.00718284
0.00809509
0.0130297
0.00521668
0.00311695
0.0163463
0.00990123
0.0034967
0.00428658
0.0116657
0.0118213
0.00497927
0.00996909
0.035377
0.0360577
0.0311095
0.015511
